110 55
80 80
90 90
102 102
104 104
20 20
1 1
5 5
99 99
78 78
45 45
100 100
64 64
50 50
66 66
31 31
98 98
95 95
105 105
62 62
56 56
7 7
57 57
43 43
55 55
37 37
12 12
21 21
54 54
35 35
28 28
61 61
46 46
22 22
77 77
89 89
44 44
30 30
32 32
75 75
13 13
83 83
14 14
65 65
67 67
108 108
70 70
76 76
39 39
79 79
87 87
38 38
51 51
109 109
82 82
19 19
4 4
16 16
91 91
29 29
47 47
11 11
49 49
18 18
63 63
53 53
42 42
94 94
33 33
52 52
110 110
10 10
74 74
71 71
3 3
107 107
101 101
27 27
73 73
96 96
68 68
9 9
26 26
23 23
48 48
59 59
92 92
6 6
103 103
97 97
25 25
88 88
85 85
2 2
60 60
36 36
93 93
81 81
72 72
17 17
15 15
8 8
24 24
106 106
84 84
34 34
41 41
40 40
86 86
58 58
69 69
