193 96
58 58
126 126
94 94
8 8
155 155
93 93
178 178
135 135
187 187
95 95
148 148
27 27
120 120
43 43
185 185
172 172
175 175
180 180
112 112
15 15
122 122
137 137
134 134
24 24
190 190
161 161
128 128
37 37
82 82
52 52
87 87
70 70
55 55
36 36
159 159
150 150
102 102
98 98
125 125
123 123
49 49
29 29
145 145
152 152
181 181
188 188
86 86
149 149
186 186
113 113
50 50
62 62
143 143
138 138
26 26
163 163
2 2
69 69
5 5
108 108
105 105
154 154
14 14
20 20
174 174
33 33
107 107
16 16
57 57
39 39
130 130
132 132
104 104
48 48
166 166
171 171
10 10
63 63
127 127
77 77
131 131
121 121
100 100
142 142
158 158
184 184
44 44
72 72
60 60
51 51
118 118
110 110
73 73
17 17
192 192
147 147
42 42
115 115
103 103
38 38
156 156
160 160
182 182
117 117
32 32
67 67
4 4
129 129
11 11
165 165
19 19
45 45
9 9
7 7
88 88
96 96
40 40
169 169
46 46
25 25
176 176
31 31
80 80
22 22
28 28
3 3
18 18
30 30
79 79
173 173
61 61
139 139
83 83
146 146
170 170
124 124
151 151
116 116
23 23
177 177
68 68
34 34
157 157
81 81
1 1
99 99
47 47
119 119
97 97
54 54
89 89
191 191
140 140
101 101
133 133
90 90
141 141
6 6
111 111
64 64
183 183
144 144
92 92
21 21
189 189
193 193
65 65
78 78
13 13
109 109
74 74
167 167
56 56
35 35
85 85
53 53
66 66
59 59
91 91
179 179
153 153
76 76
71 71
164 164
136 136
114 114
162 162
41 41
84 84
168 168
106 106
75 75
12 12
