119 59
24 24
62 62
28 28
64 64
2 2
105 105
95 95
119 119
61 61
30 30
54 54
43 43
76 76
5 5
58 58
45 45
16 16
106 106
34 34
48 48
13 13
4 4
93 93
41 41
107 107
118 118
59 59
83 83
33 33
36 36
103 103
55 55
117 117
51 51
87 87
32 32
112 112
46 46
88 88
20 20
44 44
53 53
101 101
113 113
21 21
82 82
63 63
102 102
52 52
74 74
7 7
114 114
17 17
116 116
70 70
85 85
84 84
22 22
50 50
42 42
111 111
73 73
72 72
94 94
96 96
19 19
110 110
67 67
26 26
25 25
79 79
31 31
92 92
12 12
75 75
78 78
39 39
60 60
109 109
90 90
15 15
23 23
56 56
6 6
8 8
89 89
40 40
69 69
27 27
68 68
65 65
14 14
3 3
81 81
66 66
71 71
11 11
35 35
47 47
18 18
1 1
29 29
104 104
9 9
86 86
10 10
77 77
38 38
99 99
97 97
80 80
108 108
37 37
98 98
49 49
91 91
57 57
100 100
115 115
