200 100
148 148
118 118
133 133
103 103
105 105
33 33
52 52
6 6
54 54
49 49
84 84
26 26
45 45
79 79
21 21
17 17
3 3
18 18
181 181
51 51
159 159
37 37
11 11
56 56
197 197
66 66
100 100
61 61
46 46
178 178
153 153
13 13
141 141
35 35
89 89
127 127
14 14
152 152
4 4
179 179
73 73
70 70
36 36
146 146
1 1
83 83
25 25
199 199
85 85
168 168
186 186
131 131
99 99
134 134
69 69
128 128
138 138
76 76
156 156
194 194
175 175
87 87
32 32
150 150
188 188
60 60
193 193
191 191
163 163
19 19
130 130
115 115
67 67
57 57
98 98
77 77
63 63
107 107
9 9
143 143
167 167
190 190
86 86
195 195
114 114
104 104
53 53
183 183
58 58
129 129
68 68
121 121
140 140
198 198
74 74
174 174
125 125
117 117
10 10
136 136
185 185
106 106
101 101
29 29
123 123
50 50
75 75
124 124
24 24
27 27
12 12
144 144
15 15
23 23
41 41
135 135
177 177
192 192
94 94
93 93
7 7
97 97
22 22
189 189
55 55
166 166
120 120
132 132
2 2
171 171
48 48
145 145
200 200
8 8
172 172
64 64
102 102
147 147
112 112
122 122
44 44
88 88
47 47
95 95
59 59
151 151
116 116
65 65
72 72
80 80
28 28
96 96
169 169
92 92
108 108
20 20
139 139
176 176
182 182
126 126
5 5
71 71
62 62
38 38
165 165
119 119
160 160
82 82
40 40
170 170
149 149
161 161
42 42
90 90
154 154
187 187
43 43
173 173
31 31
162 162
30 30
184 184
110 110
157 157
196 196
155 155
81 81
180 180
34 34
158 158
113 113
142 142
111 111
109 109
164 164
78 78
137 137
39 39
91 91
16 16
