128 64
106 106
8 8
20 20
104 104
122 122
92 92
125 125
109 109
31 31
50 50
39 39
63 63
126 126
94 94
9 9
121 121
127 127
67 67
22 22
105 105
128 128
68 68
35 35
27 27
24 24
48 48
89 89
10 10
47 47
3 3
124 124
77 77
15 15
102 102
30 30
110 110
99 99
97 97
5 5
19 19
33 33
59 59
112 112
36 36
55 55
43 43
85 85
101 101
40 40
21 21
45 45
44 44
29 29
2 2
90 90
118 118
93 93
37 37
107 107
95 95
6 6
73 73
100 100
49 49
88 88
87 87
74 74
26 26
4 4
42 42
11 11
82 82
96 96
57 57
71 71
38 38
79 79
51 51
80 80
61 61
117 117
86 86
54 54
12 12
113 113
116 116
16 16
62 62
28 28
123 123
18 18
76 76
53 53
114 114
13 13
52 52
91 91
75 75
1 1
78 78
64 64
46 46
111 111
69 69
115 115
65 65
103 103
14 14
34 34
60 60
108 108
81 81
17 17
56 56
83 83
120 120
58 58
66 66
23 23
25 25
32 32
84 84
72 72
119 119
98 98
70 70
7 7
41 41
