160 80
132 132
141 141
70 70
79 79
144 144
52 52
89 89
86 86
87 87
17 17
77 77
75 75
128 128
115 115
22 22
8 8
101 101
38 38
53 53
24 24
37 37
145 145
152 152
140 140
159 159
19 19
105 105
47 47
40 40
41 41
110 110
119 119
18 18
124 124
143 143
9 9
85 85
25 25
135 135
131 131
55 55
126 126
129 129
11 11
15 15
95 95
30 30
146 146
99 99
71 71
139 139
35 35
42 42
127 127
63 63
39 39
69 69
134 134
56 56
111 111
147 147
10 10
81 81
29 29
26 26
158 158
58 58
109 109
5 5
54 54
59 59
104 104
149 149
34 34
138 138
66 66
84 84
65 65
60 60
28 28
151 151
137 137
120 120
1 1
97 97
33 33
113 113
61 61
83 83
78 78
108 108
107 107
100 100
6 6
80 80
136 136
44 44
67 67
49 49
4 4
123 123
156 156
13 13
114 114
73 73
92 92
62 62
57 57
16 16
88 88
64 64
23 23
155 155
102 102
74 74
36 36
12 12
7 7
82 82
150 150
94 94
72 72
157 157
3 3
48 48
45 45
130 130
93 93
50 50
76 76
106 106
43 43
153 153
21 21
90 90
91 91
2 2
31 31
160 160
98 98
20 20
116 116
103 103
96 96
46 46
142 142
27 27
154 154
133 133
125 125
14 14
148 148
32 32
117 117
51 51
121 121
112 112
122 122
118 118
68 68
