170 85
31 31
140 140
65 65
145 145
126 126
21 21
40 40
84 84
160 160
98 98
119 119
32 32
169 169
73 73
85 85
74 74
4 4
97 97
106 106
152 152
20 20
35 35
28 28
120 120
11 11
52 52
94 94
36 36
142 142
100 100
139 139
101 101
67 67
138 138
1 1
162 162
83 83
8 8
166 166
99 99
122 122
87 87
37 37
86 86
71 71
150 150
7 7
79 79
69 69
54 54
156 156
44 44
163 163
124 124
59 59
29 29
55 55
63 63
121 121
128 128
91 91
123 123
48 48
72 72
47 47
75 75
25 25
80 80
146 146
107 107
24 24
144 144
50 50
77 77
113 113
18 18
149 149
109 109
15 15
16 16
58 58
2 2
133 133
27 27
10 10
49 49
62 62
42 42
168 168
43 43
38 38
141 141
9 9
153 153
127 127
88 88
17 17
116 116
118 118
157 157
110 110
39 39
90 90
151 151
147 147
115 115
26 26
23 23
137 137
53 53
14 14
158 158
46 46
45 45
112 112
41 41
170 170
103 103
132 132
13 13
129 129
6 6
102 102
105 105
5 5
57 57
165 165
134 134
76 76
108 108
66 66
82 82
164 164
33 33
56 56
130 130
51 51
159 159
161 161
78 78
167 167
96 96
70 70
34 34
111 111
143 143
104 104
19 19
81 81
136 136
125 125
95 95
117 117
131 131
64 64
154 154
93 93
135 135
3 3
92 92
12 12
68 68
30 30
148 148
61 61
60 60
114 114
155 155
22 22
89 89
