148 74
7 7
109 109
110 110
23 23
68 68
114 114
19 19
62 62
11 11
115 115
112 112
74 74
119 119
49 49
73 73
3 3
64 64
105 105
135 135
144 144
63 63
6 6
111 111
44 44
34 34
40 40
108 108
26 26
81 81
66 66
10 10
83 83
31 31
132 132
41 41
85 85
95 95
39 39
45 45
53 53
77 77
123 123
70 70
50 50
86 86
43 43
79 79
87 87
1 1
106 106
57 57
22 22
107 107
48 48
92 92
75 75
141 141
116 116
29 29
103 103
97 97
122 122
136 136
71 71
55 55
4 4
89 89
117 117
69 69
52 52
33 33
65 65
100 100
51 51
121 121
24 24
146 146
60 60
142 142
148 148
118 118
25 25
38 38
140 140
82 82
27 27
37 37
133 133
143 143
16 16
54 54
138 138
120 120
145 145
42 42
91 91
139 139
76 76
127 127
56 56
20 20
12 12
130 130
46 46
35 35
94 94
18 18
98 98
125 125
36 36
2 2
84 84
59 59
17 17
67 67
9 9
102 102
101 101
47 47
5 5
30 30
80 80
124 124
134 134
21 21
99 99
8 8
147 147
28 28
93 93
13 13
137 137
96 96
131 131
129 129
90 90
113 113
32 32
14 14
78 78
104 104
58 58
72 72
126 126
88 88
61 61
128 128
15 15
