195 97
102 102
141 141
96 96
63 63
56 56
13 13
113 113
48 48
37 37
137 137
94 94
126 126
179 179
180 180
31 31
178 178
122 122
99 99
155 155
158 158
12 12
175 175
44 44
103 103
84 84
30 30
108 108
14 14
130 130
61 61
40 40
125 125
173 173
144 144
185 185
75 75
192 192
171 171
121 121
157 157
105 105
52 52
170 170
54 54
50 50
177 177
165 165
6 6
19 19
57 57
79 79
64 64
172 172
68 68
162 162
107 107
159 159
16 16
118 118
87 87
33 33
142 142
59 59
104 104
95 95
153 153
134 134
9 9
135 135
100 100
78 78
160 160
53 53
71 71
43 43
17 17
193 193
169 169
114 114
35 35
11 11
38 38
190 190
82 82
72 72
42 42
51 51
110 110
70 70
149 149
83 83
143 143
62 62
164 164
45 45
115 115
152 152
129 129
167 167
168 168
25 25
116 116
183 183
163 163
133 133
181 181
184 184
1 1
98 98
154 154
138 138
90 90
60 60
136 136
123 123
148 148
7 7
27 27
128 128
131 131
29 29
112 112
106 106
124 124
109 109
97 97
101 101
187 187
39 39
77 77
34 34
80 80
147 147
10 10
146 146
86 86
46 46
191 191
32 32
66 66
47 47
24 24
49 49
76 76
91 91
85 85
120 120
3 3
194 194
111 111
41 41
89 89
4 4
189 189
2 2
81 81
139 139
5 5
15 15
150 150
55 55
93 93
67 67
22 22
176 176
23 23
186 186
58 58
8 8
156 156
174 174
132 132
151 151
69 69
26 26
145 145
65 65
36 36
28 28
127 127
182 182
195 195
140 140
21 21
88 88
74 74
20 20
166 166
117 117
161 161
188 188
73 73
18 18
92 92
119 119
