153 76
99 99
66 66
94 94
98 98
55 55
12 12
69 69
54 54
142 142
116 116
50 50
108 108
52 52
141 141
136 136
67 67
127 127
147 147
85 85
18 18
101 101
70 70
13 13
113 113
61 61
144 144
10 10
14 14
138 138
124 124
20 20
83 83
111 111
120 120
37 37
79 79
15 15
19 19
82 82
78 78
130 130
92 92
8 8
137 137
114 114
26 26
65 65
88 88
105 105
33 33
31 31
123 123
7 7
34 34
40 40
28 28
102 102
62 62
44 44
46 46
60 60
75 75
97 97
80 80
42 42
106 106
87 87
32 32
77 77
143 143
29 29
90 90
118 118
112 112
71 71
103 103
1 1
41 41
117 117
5 5
21 21
74 74
76 76
23 23
86 86
122 122
100 100
4 4
140 140
109 109
63 63
48 48
135 135
47 47
131 131
119 119
95 95
148 148
91 91
9 9
30 30
132 132
125 125
64 64
149 149
24 24
22 22
16 16
121 121
107 107
89 89
36 36
72 72
104 104
25 25
56 56
2 2
153 153
110 110
58 58
133 133
11 11
49 49
45 45
57 57
73 73
51 51
128 128
93 93
17 17
39 39
134 134
115 115
35 35
150 150
145 145
59 59
43 43
129 129
151 151
68 68
96 96
27 27
81 81
146 146
139 139
53 53
84 84
3 3
126 126
152 152
6 6
38 38
