133 66
39 39
96 96
85 85
84 84
27 27
42 42
104 104
128 128
66 66
98 98
81 81
16 16
6 6
18 18
11 11
126 126
20 20
72 72
109 109
99 99
120 120
102 102
110 110
118 118
54 54
70 70
51 51
57 57
65 65
69 69
112 112
22 22
48 48
37 37
1 1
47 47
4 4
67 67
122 122
121 121
62 62
15 15
31 31
75 75
43 43
101 101
38 38
61 61
45 45
64 64
12 12
132 132
55 55
30 30
123 123
21 21
90 90
117 117
25 25
7 7
113 113
93 93
73 73
58 58
3 3
116 116
87 87
125 125
108 108
94 94
92 92
44 44
33 33
26 26
106 106
60 60
131 131
86 86
115 115
95 95
9 9
10 10
56 56
91 91
19 19
40 40
114 114
130 130
107 107
53 53
28 28
133 133
52 52
79 79
50 50
97 97
105 105
78 78
77 77
89 89
32 32
88 88
83 83
41 41
46 46
80 80
23 23
76 76
119 119
100 100
111 111
103 103
34 34
124 124
59 59
36 36
49 49
71 71
14 14
35 35
68 68
29 29
24 24
2 2
8 8
82 82
129 129
127 127
13 13
74 74
17 17
5 5
63 63
