187 93
101 101
97 97
165 165
3 3
161 161
156 156
114 114
12 12
155 155
115 115
113 113
147 147
107 107
34 34
185 185
79 79
7 7
132 132
24 24
11 11
74 74
96 96
120 120
62 62
131 131
162 162
13 13
38 38
135 135
84 84
154 154
39 39
42 42
105 105
48 48
176 176
157 157
28 28
58 58
25 25
148 148
45 45
19 19
100 100
99 99
172 172
4 4
10 10
40 40
151 151
104 104
137 137
118 118
183 183
32 32
80 80
125 125
63 63
121 121
30 30
116 116
71 71
50 50
86 86
66 66
59 59
124 124
167 167
52 52
139 139
44 44
27 27
92 92
122 122
22 22
46 46
158 158
170 170
55 55
138 138
123 123
150 150
18 18
103 103
106 106
143 143
33 33
177 177
49 49
111 111
152 152
133 133
51 51
37 37
102 102
141 141
174 174
164 164
23 23
94 94
142 142
136 136
88 88
56 56
31 31
20 20
61 61
53 53
43 43
82 82
175 175
16 16
117 117
85 85
26 26
29 29
35 35
75 75
159 159
36 36
95 95
182 182
93 93
65 65
179 179
163 163
14 14
119 119
76 76
186 186
171 171
134 134
166 166
81 81
2 2
60 60
149 149
128 128
178 178
87 87
72 72
15 15
90 90
127 127
144 144
64 64
69 69
173 173
146 146
112 112
140 140
181 181
73 73
168 168
54 54
6 6
9 9
5 5
1 1
169 169
184 184
130 130
126 126
98 98
17 17
160 160
89 89
41 41
109 109
77 77
8 8
78 78
108 108
129 129
180 180
47 47
110 110
57 57
153 153
187 187
70 70
67 67
21 21
145 145
68 68
83 83
91 91
