89 44
63 63
65 65
9 9
76 76
35 35
28 28
27 27
12 12
58 58
45 45
42 42
29 29
16 16
33 33
66 66
30 30
80 80
57 57
6 6
84 84
46 46
64 64
1 1
53 53
10 10
24 24
39 39
47 47
7 7
23 23
55 55
49 49
26 26
54 54
77 77
67 67
52 52
50 50
74 74
41 41
8 8
22 22
56 56
20 20
73 73
79 79
81 81
69 69
37 37
70 70
86 86
71 71
43 43
51 51
89 89
40 40
62 62
11 11
88 88
36 36
44 44
3 3
13 13
34 34
31 31
75 75
15 15
59 59
87 87
72 72
25 25
32 32
82 82
14 14
19 19
60 60
17 17
4 4
83 83
48 48
61 61
18 18
38 38
85 85
68 68
2 2
5 5
78 78
21 21
