111 55
56 56
77 77
71 71
2 2
99 99
50 50
110 110
97 97
54 54
69 69
35 35
42 42
90 90
80 80
8 8
61 61
86 86
96 96
92 92
79 79
43 43
36 36
26 26
11 11
111 111
68 68
73 73
106 106
91 91
41 41
47 47
29 29
59 59
1 1
105 105
88 88
58 58
51 51
12 12
87 87
32 32
18 18
3 3
82 82
100 100
83 83
10 10
85 85
84 84
37 37
45 45
24 24
76 76
75 75
48 48
104 104
33 33
81 81
52 52
60 60
62 62
63 63
93 93
102 102
38 38
9 9
20 20
22 22
14 14
28 28
6 6
21 21
49 49
57 57
4 4
25 25
15 15
53 53
44 44
108 108
30 30
27 27
101 101
39 39
34 34
7 7
46 46
16 16
23 23
31 31
64 64
78 78
98 98
103 103
74 74
95 95
5 5
40 40
107 107
72 72
19 19
89 89
55 55
66 66
70 70
13 13
109 109
94 94
17 17
65 65
67 67
