191 95
84 84
3 3
99 99
147 147
68 68
100 100
97 97
71 71
27 27
96 96
40 40
153 153
28 28
114 114
88 88
49 49
42 42
24 24
161 161
64 64
85 85
70 70
15 15
61 61
180 180
83 83
65 65
60 60
144 144
162 162
137 137
103 103
13 13
26 26
191 191
91 91
16 16
73 73
146 146
47 47
177 177
32 32
178 178
35 35
58 58
77 77
108 108
130 130
10 10
33 33
86 86
152 152
176 176
80 80
8 8
36 36
37 37
87 87
188 188
20 20
105 105
136 136
5 5
30 30
181 181
102 102
184 184
75 75
18 18
166 166
167 167
151 151
53 53
55 55
43 43
139 139
116 116
45 45
6 6
190 190
17 17
142 142
122 122
158 158
169 169
56 56
25 25
54 54
93 93
104 104
82 82
179 179
135 135
90 90
125 125
4 4
121 121
79 79
98 98
57 57
160 160
112 112
44 44
76 76
50 50
127 127
119 119
148 148
21 21
63 63
145 145
92 92
109 109
11 11
129 129
133 133
157 157
74 74
124 124
155 155
164 164
165 165
186 186
138 138
171 171
120 120
78 78
22 22
156 156
182 182
132 132
46 46
149 149
175 175
106 106
7 7
12 12
126 126
123 123
187 187
95 95
66 66
154 154
34 34
131 131
174 174
41 41
39 39
67 67
31 31
168 168
118 118
1 1
59 59
52 52
163 163
107 107
23 23
143 143
51 51
185 185
9 9
172 172
189 189
101 101
150 150
170 170
110 110
62 62
183 183
89 89
48 48
2 2
134 134
111 111
140 140
128 128
38 38
69 69
173 173
14 14
29 29
117 117
115 115
141 141
94 94
113 113
81 81
72 72
159 159
19 19
