147 73
131 131
82 82
83 83
63 63
134 134
90 90
130 130
17 17
112 112
70 70
51 51
133 133
118 118
34 34
95 95
104 104
31 31
1 1
15 15
55 55
54 54
7 7
30 30
37 37
121 121
57 57
48 48
10 10
109 109
16 16
52 52
23 23
92 92
140 140
77 77
108 108
132 132
28 28
35 35
107 107
105 105
38 38
146 146
127 127
85 85
65 65
78 78
94 94
39 39
8 8
87 87
61 61
20 20
5 5
9 9
36 36
19 19
93 93
145 145
114 114
123 123
88 88
26 26
81 81
80 80
97 97
119 119
18 18
96 96
68 68
128 128
58 58
49 49
22 22
32 32
59 59
106 106
100 100
91 91
47 47
76 76
60 60
143 143
42 42
44 44
84 84
122 122
41 41
116 116
120 120
136 136
64 64
67 67
117 117
137 137
62 62
27 27
101 101
129 129
50 50
125 125
115 115
14 14
141 141
25 25
73 73
12 12
21 21
144 144
75 75
74 74
13 13
103 103
142 142
111 111
66 66
98 98
124 124
79 79
113 113
33 33
69 69
126 126
11 11
24 24
102 102
53 53
46 46
3 3
110 110
40 40
72 72
45 45
135 135
2 2
139 139
86 86
138 138
6 6
89 89
4 4
147 147
43 43
71 71
56 56
99 99
29 29
