157 78
136 136
130 130
37 37
48 48
139 139
135 135
26 26
17 17
66 66
45 45
24 24
150 150
124 124
44 44
108 108
133 133
54 54
53 53
42 42
58 58
19 19
85 85
147 147
72 72
83 83
30 30
84 84
60 60
140 140
115 115
8 8
91 91
156 156
125 125
10 10
155 155
3 3
121 121
55 55
15 15
98 98
86 86
146 146
114 114
105 105
134 134
131 131
75 75
38 38
79 79
21 21
65 65
87 87
20 20
59 59
107 107
151 151
141 141
12 12
25 25
41 41
88 88
92 92
100 100
96 96
137 137
74 74
71 71
110 110
22 22
132 132
61 61
102 102
157 157
14 14
153 153
51 51
78 78
67 67
111 111
93 93
82 82
46 46
154 154
120 120
118 118
142 142
9 9
18 18
34 34
70 70
36 36
16 16
32 32
28 28
81 81
117 117
33 33
127 127
119 119
4 4
144 144
128 128
143 143
116 116
57 57
148 148
27 27
68 68
90 90
47 47
104 104
99 99
13 13
6 6
123 123
73 73
64 64
129 129
5 5
112 112
29 29
76 76
56 56
7 7
101 101
63 63
152 152
43 43
113 113
103 103
50 50
69 69
94 94
89 89
2 2
109 109
126 126
138 138
39 39
31 31
149 149
23 23
106 106
95 95
35 35
145 145
40 40
80 80
52 52
11 11
49 49
97 97
62 62
77 77
1 1
122 122
