134 67
121 121
4 4
87 87
76 76
116 116
75 75
8 8
93 93
16 16
45 45
127 127
114 114
109 109
25 25
73 73
99 99
98 98
108 108
120 120
56 56
7 7
37 37
57 57
103 103
69 69
38 38
19 19
133 133
77 77
94 94
110 110
117 117
126 126
47 47
10 10
123 123
32 32
91 91
106 106
102 102
31 31
53 53
29 29
9 9
104 104
118 118
14 14
43 43
68 68
115 115
131 131
48 48
66 66
84 84
1 1
50 50
62 62
40 40
52 52
88 88
36 36
95 95
61 61
63 63
33 33
65 65
132 132
42 42
60 60
55 55
96 96
24 24
18 18
105 105
81 81
34 34
74 74
92 92
90 90
71 71
23 23
20 20
51 51
21 21
134 134
89 89
80 80
128 128
39 39
11 11
17 17
13 13
54 54
82 82
64 64
26 26
130 130
5 5
129 129
124 124
67 67
119 119
6 6
100 100
86 86
58 58
112 112
72 72
59 59
78 78
49 49
35 35
97 97
28 28
107 107
15 15
125 125
22 22
101 101
113 113
44 44
70 70
2 2
27 27
41 41
111 111
85 85
83 83
12 12
3 3
122 122
79 79
46 46
30 30
