176 88
90 90
76 76
86 86
149 149
109 109
81 81
25 25
63 63
33 33
58 58
46 46
100 100
55 55
89 89
143 143
45 45
67 67
22 22
57 57
79 79
146 146
101 101
140 140
171 171
30 30
69 69
59 59
1 1
129 129
91 91
17 17
159 159
112 112
117 117
8 8
3 3
133 133
107 107
124 124
173 173
18 18
44 44
170 170
105 105
148 148
172 172
176 176
16 16
62 62
29 29
142 142
70 70
152 152
93 93
164 164
12 12
95 95
141 141
88 88
135 135
119 119
102 102
74 74
14 14
92 92
130 130
2 2
151 151
21 21
11 11
47 47
155 155
97 97
160 160
99 99
23 23
138 138
35 35
137 137
77 77
82 82
56 56
32 32
158 158
5 5
116 116
40 40
153 153
64 64
96 96
54 54
51 51
139 139
26 26
85 85
87 87
115 115
162 162
61 61
120 120
167 167
123 123
24 24
163 163
73 73
136 136
71 71
27 27
38 38
83 83
131 131
13 13
65 65
98 98
78 78
147 147
19 19
39 39
28 28
132 132
126 126
106 106
110 110
161 161
52 52
168 168
43 43
10 10
94 94
174 174
41 41
36 36
80 80
20 20
72 72
66 66
104 104
145 145
84 84
175 175
6 6
49 49
144 144
128 128
108 108
48 48
154 154
7 7
42 42
4 4
157 157
127 127
134 134
114 114
68 68
111 111
169 169
166 166
121 121
113 113
31 31
75 75
150 150
165 165
122 122
156 156
34 34
60 60
103 103
50 50
53 53
9 9
15 15
125 125
37 37
118 118
