188 94
73 73
127 127
182 182
17 17
143 143
116 116
154 154
89 89
173 173
22 22
71 71
56 56
63 63
99 99
16 16
19 19
40 40
41 41
48 48
68 68
36 36
92 92
160 160
176 176
164 164
38 38
93 93
159 159
23 23
177 177
146 146
167 167
13 13
79 79
102 102
169 169
70 70
109 109
11 11
27 27
57 57
60 60
156 156
8 8
103 103
165 165
129 129
110 110
24 24
35 35
185 185
87 87
133 133
66 66
179 179
46 46
162 162
45 45
97 97
105 105
59 59
82 82
62 62
96 96
74 74
12 12
155 155
188 188
163 163
147 147
80 80
67 67
95 95
152 152
30 30
26 26
84 84
10 10
34 34
101 101
123 123
15 15
187 187
47 47
145 145
14 14
112 112
149 149
9 9
142 142
140 140
117 117
4 4
78 78
98 98
186 186
2 2
42 42
20 20
141 141
29 29
104 104
107 107
136 136
90 90
178 178
81 81
25 25
21 21
32 32
100 100
153 153
126 126
131 131
181 181
65 65
168 168
144 144
125 125
108 108
120 120
151 151
172 172
69 69
72 72
28 28
5 5
137 137
115 115
44 44
166 166
50 50
7 7
53 53
135 135
91 91
76 76
39 39
64 64
139 139
174 174
119 119
184 184
150 150
122 122
33 33
148 148
157 157
52 52
31 31
180 180
134 134
118 118
106 106
113 113
158 158
128 128
171 171
132 132
61 61
130 130
124 124
114 114
175 175
111 111
6 6
85 85
49 49
170 170
121 121
94 94
161 161
88 88
75 75
51 51
18 18
54 54
3 3
43 43
83 83
138 138
86 86
77 77
58 58
183 183
55 55
37 37
1 1
