87 43
74 74
15 15
79 79
69 69
64 64
82 82
12 12
29 29
70 70
53 53
63 63
47 47
80 80
40 40
11 11
46 46
1 1
9 9
86 86
50 50
25 25
4 4
45 45
65 65
19 19
61 61
72 72
17 17
23 23
85 85
55 55
28 28
27 27
75 75
16 16
83 83
66 66
14 14
32 32
57 57
33 33
42 42
10 10
60 60
71 71
49 49
31 31
68 68
6 6
20 20
3 3
52 52
81 81
13 13
76 76
44 44
35 35
43 43
51 51
67 67
54 54
30 30
87 87
26 26
5 5
56 56
84 84
22 22
58 58
62 62
37 37
38 38
18 18
59 59
7 7
8 8
39 39
36 36
2 2
78 78
24 24
48 48
73 73
41 41
21 21
34 34
77 77
