180 90
1 1
163 163
116 116
38 38
142 142
71 71
172 172
58 58
86 86
45 45
57 57
63 63
168 168
169 169
17 17
145 145
8 8
121 121
2 2
98 98
150 150
157 157
5 5
173 173
132 132
177 177
20 20
124 124
159 159
158 158
4 4
18 18
99 99
106 106
48 48
174 174
85 85
149 149
101 101
160 160
44 44
56 56
90 90
68 68
54 54
6 6
146 146
25 25
55 55
34 34
73 73
180 180
66 66
126 126
78 78
140 140
61 61
97 97
12 12
43 43
77 77
95 95
156 156
141 141
53 53
14 14
70 70
39 39
165 165
65 65
178 178
80 80
170 170
113 113
155 155
40 40
162 162
151 151
179 179
128 128
33 33
24 24
31 31
103 103
7 7
104 104
87 87
115 115
135 135
83 83
148 148
120 120
36 36
94 94
130 130
69 69
147 147
3 3
134 134
105 105
28 28
29 29
23 23
50 50
137 137
129 129
176 176
108 108
138 138
112 112
96 96
114 114
51 51
144 144
161 161
67 67
122 122
153 153
64 64
47 47
9 9
35 35
84 84
81 81
118 118
30 30
117 117
32 32
102 102
74 74
136 136
46 46
27 27
62 62
133 133
75 75
110 110
59 59
91 91
139 139
22 22
125 125
76 76
100 100
19 19
21 21
49 49
37 37
164 164
15 15
92 92
52 52
131 131
10 10
109 109
119 119
171 171
13 13
42 42
16 16
88 88
167 167
79 79
82 82
89 89
175 175
41 41
123 123
11 11
26 26
152 152
127 127
111 111
107 107
60 60
93 93
72 72
154 154
166 166
143 143
