156 78
92 92
152 152
56 56
38 38
72 72
83 83
45 45
98 98
143 143
49 49
53 53
135 135
10 10
18 18
74 74
153 153
136 136
30 30
24 24
127 127
128 128
40 40
70 70
58 58
22 22
46 46
137 137
120 120
43 43
99 99
150 150
81 81
54 54
52 52
115 115
77 77
111 111
79 79
42 42
126 126
23 23
8 8
146 146
105 105
86 86
113 113
15 15
131 131
145 145
124 124
96 96
36 36
11 11
91 91
103 103
41 41
116 116
66 66
50 50
88 88
57 57
51 51
133 133
110 110
1 1
123 123
104 104
28 28
151 151
94 94
106 106
39 39
114 114
67 67
142 142
60 60
47 47
141 141
6 6
61 61
4 4
118 118
75 75
2 2
59 59
19 19
76 76
35 35
27 27
33 33
139 139
14 14
95 95
44 44
63 63
84 84
138 138
48 48
65 65
154 154
85 85
89 89
97 97
129 129
3 3
25 25
93 93
7 7
29 29
108 108
62 62
17 17
90 90
155 155
69 69
102 102
80 80
9 9
26 26
68 68
132 132
87 87
119 119
117 117
109 109
31 31
121 121
130 130
13 13
21 21
5 5
107 107
37 37
112 112
20 20
101 101
125 125
134 134
34 34
100 100
144 144
71 71
55 55
149 149
64 64
16 16
73 73
78 78
156 156
147 147
82 82
12 12
122 122
32 32
148 148
140 140
