102 51
11 11
102 102
77 77
73 73
89 89
90 90
2 2
51 51
49 49
8 8
70 70
48 48
60 60
28 28
32 32
5 5
42 42
98 98
57 57
4 4
78 78
93 93
54 54
92 92
75 75
16 16
80 80
68 68
74 74
81 81
19 19
95 95
7 7
15 15
47 47
10 10
82 82
34 34
21 21
29 29
1 1
62 62
36 36
63 63
64 64
39 39
72 72
66 66
6 6
99 99
85 85
69 69
88 88
38 38
71 71
52 52
53 53
65 65
44 44
17 17
50 50
100 100
25 25
30 30
35 35
61 61
24 24
97 97
76 76
3 3
31 31
41 41
55 55
23 23
79 79
96 96
12 12
40 40
67 67
56 56
94 94
84 84
91 91
87 87
18 18
37 37
14 14
45 45
83 83
20 20
86 86
33 33
101 101
58 58
27 27
9 9
43 43
13 13
46 46
59 59
22 22
26 26
