164 82
39 39
97 97
139 139
53 53
116 116
7 7
2 2
60 60
47 47
108 108
54 54
23 23
95 95
162 162
144 144
6 6
129 129
138 138
69 69
153 153
114 114
64 64
20 20
163 163
65 65
41 41
25 25
125 125
90 90
148 148
80 80
8 8
155 155
89 89
137 137
75 75
91 91
111 111
121 121
127 127
118 118
86 86
132 132
92 92
58 58
117 117
152 152
99 99
123 123
49 49
33 33
68 68
77 77
128 128
158 158
82 82
3 3
88 88
133 133
145 145
84 84
119 119
122 122
130 130
21 21
45 45
19 19
26 26
37 37
15 15
66 66
79 79
22 22
56 56
109 109
4 4
94 94
96 96
34 34
44 44
18 18
160 160
51 51
98 98
31 31
164 164
106 106
71 71
102 102
143 143
151 151
112 112
72 72
63 63
40 40
14 14
87 87
70 70
147 147
55 55
93 93
100 100
73 73
124 124
146 146
126 126
85 85
113 113
13 13
42 42
157 157
35 35
105 105
59 59
104 104
11 11
115 115
140 140
135 135
28 28
30 30
57 57
131 131
83 83
74 74
101 101
52 52
50 50
48 48
141 141
78 78
43 43
62 62
46 46
29 29
150 150
149 149
36 36
76 76
81 81
134 134
32 32
5 5
156 156
9 9
159 159
136 136
154 154
61 61
67 67
24 24
10 10
27 27
142 142
120 120
107 107
161 161
38 38
12 12
103 103
110 110
16 16
17 17
1 1
