150 75
134 134
115 115
80 80
82 82
143 143
89 89
149 149
102 102
78 78
72 72
121 121
15 15
110 110
83 83
33 33
148 148
63 63
75 75
105 105
28 28
56 56
18 18
48 48
38 38
44 44
124 124
25 25
16 16
104 104
12 12
46 46
30 30
13 13
99 99
24 24
3 3
67 67
145 145
65 65
101 101
54 54
136 136
126 126
127 127
128 128
147 147
6 6
106 106
7 7
76 76
117 117
31 31
87 87
119 119
96 96
2 2
51 51
50 50
132 132
60 60
114 114
11 11
52 52
41 41
17 17
58 58
68 68
137 137
97 97
69 69
111 111
22 22
71 71
98 98
91 91
146 146
122 122
92 92
64 64
42 42
19 19
5 5
103 103
35 35
100 100
29 29
39 39
26 26
116 116
62 62
1 1
95 95
10 10
14 14
9 9
86 86
142 142
107 107
37 37
61 61
85 85
112 112
49 49
73 73
94 94
55 55
138 138
21 21
8 8
36 36
66 66
120 120
139 139
40 40
23 23
133 133
53 53
32 32
59 59
109 109
123 123
90 90
135 135
88 88
45 45
70 70
108 108
118 118
57 57
47 47
20 20
81 81
140 140
129 129
141 141
34 34
150 150
130 130
74 74
27 27
144 144
4 4
93 93
43 43
113 113
84 84
77 77
125 125
131 131
79 79
