174 87
49 49
149 149
60 60
125 125
129 129
16 16
166 166
87 87
38 38
120 120
151 151
167 167
127 127
99 99
148 148
15 15
144 144
47 47
18 18
116 116
98 98
5 5
168 168
171 171
73 73
25 25
76 76
156 156
26 26
157 157
69 69
19 19
174 174
130 130
27 27
172 172
147 147
113 113
43 43
160 160
28 28
137 137
34 34
85 85
66 66
6 6
24 24
56 56
143 143
68 68
110 110
1 1
103 103
61 61
37 37
121 121
145 145
57 57
158 158
13 13
97 97
100 100
117 117
75 75
3 3
131 131
62 62
150 150
8 8
64 64
11 11
161 161
31 31
169 169
91 91
70 70
55 55
142 142
7 7
30 30
9 9
141 141
112 112
155 155
154 154
59 59
124 124
51 51
67 67
14 14
33 33
95 95
40 40
114 114
104 104
122 122
50 50
119 119
106 106
35 35
36 36
173 173
63 63
83 83
78 78
165 165
90 90
48 48
46 46
82 82
88 88
126 126
170 170
4 4
153 153
152 152
163 163
138 138
96 96
72 72
109 109
77 77
10 10
164 164
53 53
20 20
134 134
44 44
139 139
102 102
111 111
107 107
133 133
23 23
41 41
118 118
29 29
39 39
45 45
65 65
81 81
140 140
101 101
79 79
146 146
93 93
80 80
17 17
135 135
84 84
74 74
71 71
159 159
132 132
115 115
105 105
128 128
92 92
52 52
123 123
108 108
32 32
22 22
54 54
162 162
86 86
136 136
2 2
12 12
58 58
89 89
94 94
42 42
21 21
