88 44
42 42
58 58
30 30
1 1
74 74
79 79
37 37
36 36
27 27
75 75
59 59
52 52
22 22
21 21
78 78
88 88
6 6
14 14
7 7
38 38
35 35
15 15
62 62
45 45
8 8
25 25
81 81
57 57
28 28
63 63
69 69
31 31
60 60
77 77
23 23
80 80
24 24
71 71
85 85
54 54
19 19
2 2
18 18
17 17
68 68
16 16
9 9
20 20
64 64
61 61
51 51
41 41
50 50
76 76
87 87
32 32
44 44
3 3
47 47
11 11
12 12
46 46
66 66
48 48
86 86
72 72
67 67
84 84
83 83
49 49
4 4
53 53
40 40
5 5
73 73
82 82
10 10
70 70
39 39
34 34
56 56
26 26
33 33
55 55
65 65
29 29
43 43
13 13
