135 67
120 120
24 24
126 126
22 22
111 111
6 6
10 10
54 54
125 125
28 28
133 133
127 127
75 75
72 72
134 134
2 2
68 68
63 63
37 37
82 82
29 29
69 69
102 102
59 59
50 50
79 79
18 18
103 103
5 5
14 14
32 32
87 87
67 67
112 112
43 43
91 91
78 78
57 57
36 36
108 108
106 106
100 100
92 92
104 104
8 8
40 40
33 33
62 62
34 34
81 81
83 83
7 7
98 98
130 130
11 11
9 9
12 12
123 123
70 70
51 51
128 128
41 41
47 47
23 23
118 118
53 53
101 101
89 89
19 19
107 107
110 110
116 116
84 84
76 76
31 31
46 46
71 71
94 94
16 16
77 77
20 20
15 15
99 99
80 80
56 56
13 13
45 45
117 117
65 65
88 88
115 115
60 60
93 93
96 96
124 124
97 97
121 121
119 119
114 114
21 21
42 42
17 17
4 4
135 135
129 129
113 113
44 44
38 38
85 85
52 52
25 25
74 74
35 35
48 48
95 95
3 3
132 132
86 86
61 61
39 39
105 105
73 73
27 27
109 109
1 1
55 55
64 64
58 58
30 30
26 26
122 122
90 90
49 49
131 131
66 66
