91 45
72 72
25 25
28 28
87 87
47 47
6 6
26 26
61 61
11 11
63 63
38 38
8 8
2 2
53 53
51 51
85 85
10 10
39 39
75 75
55 55
74 74
50 50
19 19
77 77
78 78
12 12
57 57
30 30
13 13
44 44
36 36
76 76
37 37
16 16
40 40
90 90
91 91
58 58
46 46
4 4
62 62
83 83
52 52
35 35
69 69
14 14
20 20
42 42
41 41
23 23
49 49
22 22
21 21
31 31
56 56
24 24
1 1
48 48
84 84
73 73
86 86
5 5
59 59
88 88
89 89
64 64
15 15
17 17
79 79
67 67
43 43
80 80
27 27
81 81
45 45
7 7
60 60
65 65
66 66
32 32
9 9
68 68
54 54
71 71
29 29
34 34
18 18
70 70
33 33
82 82
3 3
