182 91
68 68
29 29
42 42
139 139
95 95
84 84
178 178
69 69
56 56
182 182
114 114
80 80
165 165
50 50
145 145
20 20
37 37
122 122
96 96
60 60
27 27
142 142
70 70
136 136
28 28
171 171
26 26
125 125
19 19
6 6
100 100
38 38
14 14
155 155
137 137
21 21
35 35
167 167
105 105
179 179
52 52
5 5
92 92
146 146
44 44
99 99
102 102
51 51
45 45
94 94
127 127
110 110
17 17
12 12
180 180
8 8
161 161
93 93
159 159
91 91
85 85
64 64
119 119
149 149
173 173
107 107
57 57
3 3
174 174
72 72
112 112
32 32
62 62
67 67
66 66
43 43
175 175
172 172
121 121
47 47
124 124
106 106
54 54
76 76
98 98
126 126
134 134
22 22
138 138
143 143
157 157
169 169
144 144
86 86
118 118
163 163
156 156
53 53
82 82
153 153
151 151
18 18
133 133
83 83
97 97
55 55
130 130
103 103
36 36
4 4
113 113
89 89
10 10
123 123
116 116
170 170
30 30
181 181
164 164
150 150
109 109
34 34
117 117
46 46
7 7
33 33
59 59
115 115
88 88
120 120
15 15
81 81
104 104
13 13
176 176
73 73
77 77
31 31
40 40
132 132
87 87
166 166
25 25
79 79
129 129
24 24
11 11
168 168
111 111
58 58
140 140
131 131
148 148
63 63
9 9
74 74
61 61
2 2
16 16
141 141
23 23
128 128
65 65
152 152
39 39
78 78
49 49
158 158
147 147
71 71
135 135
162 162
160 160
177 177
75 75
101 101
48 48
154 154
90 90
108 108
41 41
1 1
