189 94
87 87
132 132
122 122
96 96
155 155
135 135
95 95
79 79
159 159
165 165
43 43
183 183
52 52
9 9
154 154
49 49
139 139
97 97
51 51
163 163
3 3
63 63
23 23
4 4
20 20
161 161
162 162
150 150
72 72
168 168
120 120
112 112
26 26
27 27
149 149
73 73
141 141
17 17
85 85
99 99
188 188
94 94
8 8
102 102
78 78
117 117
177 177
185 185
171 171
101 101
74 74
106 106
16 16
10 10
128 128
179 179
54 54
14 14
2 2
70 70
175 175
176 176
92 92
75 75
105 105
41 41
34 34
89 89
28 28
104 104
98 98
12 12
131 131
166 166
13 13
143 143
123 123
90 90
40 40
59 59
37 37
68 68
66 66
181 181
15 15
140 140
33 33
67 67
148 148
114 114
60 60
130 130
6 6
147 147
39 39
103 103
58 58
57 57
108 108
91 91
83 83
180 180
169 169
189 189
45 45
24 24
32 32
82 82
62 62
22 22
124 124
137 137
116 116
19 19
46 46
29 29
107 107
121 121
44 44
48 48
84 84
160 160
182 182
80 80
69 69
167 167
156 156
146 146
7 7
30 30
110 110
158 158
61 61
47 47
184 184
164 164
111 111
1 1
178 178
77 77
172 172
119 119
88 88
100 100
53 53
109 109
115 115
25 25
50 50
5 5
170 170
18 18
173 173
145 145
11 11
153 153
144 144
125 125
113 113
76 76
157 157
42 42
129 129
151 151
64 64
138 138
136 136
65 65
187 187
71 71
186 186
31 31
93 93
38 38
81 81
118 118
127 127
142 142
152 152
133 133
126 126
86 86
134 134
35 35
55 55
36 36
174 174
21 21
56 56
