143 71
22 22
11 11
41 41
15 15
28 28
25 25
142 142
26 26
128 128
98 98
24 24
73 73
63 63
6 6
81 81
127 127
72 72
61 61
87 87
140 140
141 141
14 14
110 110
20 20
55 55
137 137
80 80
30 30
91 91
122 122
33 33
31 31
115 115
82 82
123 123
111 111
5 5
100 100
50 50
60 60
134 134
85 85
2 2
97 97
78 78
107 107
95 95
54 54
43 43
45 45
114 114
130 130
23 23
112 112
29 29
101 101
1 1
21 21
17 17
113 113
125 125
53 53
133 133
37 37
106 106
76 76
42 42
64 64
16 16
58 58
3 3
77 77
139 139
96 96
67 67
135 135
79 79
131 131
68 68
13 13
138 138
108 108
57 57
66 66
129 129
75 75
103 103
40 40
10 10
7 7
39 39
9 9
48 48
56 56
86 86
12 12
93 93
132 132
117 117
34 34
74 74
99 99
46 46
143 143
62 62
27 27
32 32
8 8
90 90
52 52
120 120
49 49
83 83
19 19
4 4
44 44
121 121
118 118
124 124
94 94
71 71
105 105
104 104
38 38
65 65
119 119
70 70
92 92
47 47
84 84
136 136
18 18
88 88
51 51
35 35
69 69
116 116
36 36
59 59
109 109
89 89
126 126
102 102
