146 73
40 40
92 92
113 113
19 19
122 122
48 48
4 4
55 55
125 125
72 72
86 86
58 58
47 47
119 119
44 44
105 105
16 16
102 102
138 138
61 61
25 25
133 133
3 3
45 45
144 144
123 123
108 108
23 23
111 111
13 13
35 35
59 59
120 120
74 74
77 77
46 46
73 73
131 131
124 124
68 68
115 115
52 52
10 10
127 127
88 88
90 90
114 114
69 69
87 87
9 9
26 26
53 53
106 106
79 79
7 7
21 21
51 51
2 2
37 37
146 146
62 62
6 6
43 43
107 107
139 139
78 78
75 75
93 93
60 60
31 31
49 49
36 36
27 27
34 34
130 130
5 5
116 116
1 1
110 110
22 22
136 136
15 15
80 80
41 41
8 8
142 142
11 11
32 32
20 20
50 50
63 63
128 128
91 91
97 97
121 121
112 112
81 81
42 42
99 99
140 140
118 118
64 64
137 137
95 95
94 94
132 132
54 54
126 126
14 14
129 129
70 70
82 82
29 29
117 117
84 84
12 12
56 56
30 30
71 71
135 135
76 76
104 104
141 141
89 89
57 57
103 103
100 100
17 17
39 39
38 38
67 67
66 66
24 24
143 143
134 134
109 109
18 18
65 65
145 145
85 85
28 28
96 96
98 98
101 101
33 33
83 83
