105 52
41 41
47 47
86 86
69 69
36 36
94 94
32 32
105 105
61 61
77 77
39 39
95 95
25 25
82 82
52 52
59 59
89 89
81 81
28 28
33 33
73 73
11 11
93 93
64 64
35 35
87 87
56 56
57 57
70 70
16 16
102 102
66 66
15 15
88 88
30 30
20 20
27 27
13 13
10 10
7 7
3 3
19 19
72 72
91 91
23 23
67 67
9 9
71 71
8 8
51 51
26 26
21 21
31 31
4 4
2 2
40 40
37 37
62 62
60 60
63 63
100 100
6 6
83 83
49 49
97 97
54 54
99 99
34 34
53 53
104 104
17 17
58 58
18 18
44 44
68 68
65 65
75 75
1 1
85 85
79 79
48 48
24 24
50 50
80 80
45 45
103 103
22 22
55 55
29 29
92 92
78 78
12 12
101 101
38 38
96 96
14 14
43 43
5 5
76 76
84 84
90 90
46 46
74 74
42 42
98 98
