177 88
151 151
101 101
171 171
48 48
64 64
10 10
117 117
75 75
24 24
49 49
88 88
95 95
109 109
154 154
79 79
119 119
122 122
21 21
176 176
156 156
108 108
22 22
87 87
144 144
94 94
84 84
19 19
159 159
138 138
92 92
115 115
100 100
36 36
13 13
113 113
89 89
59 59
160 160
130 130
112 112
102 102
91 91
121 121
65 65
116 116
158 158
90 90
15 15
131 131
77 77
3 3
93 93
111 111
118 118
136 136
62 62
71 71
30 30
2 2
33 33
146 146
157 157
6 6
53 53
66 66
145 145
55 55
70 70
104 104
85 85
40 40
11 11
96 96
76 76
68 68
50 50
86 86
44 44
83 83
61 61
148 148
32 32
114 114
81 81
175 175
52 52
153 153
124 124
82 82
16 16
67 67
25 25
23 23
28 28
107 107
103 103
97 97
74 74
4 4
34 34
99 99
54 54
141 141
20 20
78 78
105 105
150 150
37 37
147 147
173 173
139 139
42 42
134 134
5 5
26 26
127 127
174 174
106 106
58 58
98 98
39 39
110 110
140 140
57 57
142 142
60 60
165 165
18 18
80 80
1 1
46 46
63 63
17 17
47 47
73 73
29 29
56 56
163 163
166 166
45 45
35 35
27 27
9 9
162 162
8 8
128 128
169 169
43 43
133 133
143 143
126 126
31 31
51 51
172 172
164 164
120 120
14 14
41 41
168 168
129 129
170 170
7 7
152 152
137 137
125 125
167 167
177 177
135 135
123 123
155 155
69 69
149 149
12 12
132 132
38 38
161 161
72 72
