175 87
8 8
82 82
59 59
51 51
147 147
161 161
128 128
80 80
46 46
113 113
171 171
54 54
10 10
119 119
3 3
100 100
172 172
24 24
40 40
55 55
22 22
109 109
84 84
58 58
137 137
150 150
37 37
139 139
45 45
158 158
19 19
28 28
35 35
163 163
103 103
25 25
157 157
50 50
107 107
173 173
123 123
66 66
134 134
62 62
76 76
129 129
126 126
91 91
133 133
39 39
166 166
116 116
9 9
78 78
112 112
67 67
124 124
38 38
90 90
18 18
83 83
36 36
151 151
57 57
52 52
169 169
170 170
165 165
68 68
108 108
17 17
155 155
146 146
136 136
143 143
49 49
142 142
162 162
102 102
93 93
160 160
12 12
117 117
20 20
70 70
168 168
96 96
148 148
69 69
154 154
13 13
121 121
114 114
64 64
138 138
21 21
125 125
164 164
153 153
31 31
135 135
140 140
132 132
75 75
79 79
174 174
89 89
122 122
27 27
43 43
42 42
115 115
16 16
144 144
175 175
34 34
156 156
87 87
167 167
1 1
97 97
72 72
73 73
105 105
56 56
99 99
15 15
32 32
47 47
118 118
63 63
127 127
71 71
61 61
2 2
30 30
95 95
145 145
120 120
88 88
106 106
101 101
86 86
33 33
110 110
77 77
81 81
104 104
111 111
7 7
92 92
152 152
14 14
130 130
85 85
94 94
131 131
159 159
29 29
98 98
141 141
41 41
74 74
53 53
60 60
65 65
48 48
44 44
4 4
6 6
11 11
5 5
23 23
26 26
149 149
