154 77
128 128
13 13
74 74
28 28
70 70
101 101
41 41
17 17
1 1
81 81
18 18
138 138
37 37
141 141
61 61
99 99
93 93
5 5
26 26
90 90
115 115
16 16
23 23
38 38
97 97
4 4
49 49
11 11
50 50
47 47
120 120
91 91
10 10
39 39
83 83
144 144
119 119
7 7
118 118
31 31
114 114
106 106
69 69
25 25
122 122
151 151
76 76
51 51
108 108
56 56
139 139
32 32
34 34
22 22
67 67
24 24
8 8
109 109
21 21
71 71
134 134
113 113
53 53
80 80
29 29
133 133
117 117
143 143
27 27
147 147
110 110
125 125
46 46
88 88
65 65
137 137
64 64
150 150
52 52
73 73
42 42
63 63
9 9
153 153
62 62
68 68
48 48
131 131
152 152
104 104
36 36
40 40
148 148
45 45
149 149
30 30
105 105
107 107
43 43
136 136
100 100
154 154
72 72
132 132
59 59
127 127
140 140
84 84
129 129
58 58
142 142
145 145
55 55
57 57
98 98
54 54
102 102
77 77
86 86
89 89
123 123
121 121
94 94
35 35
14 14
79 79
103 103
116 116
75 75
33 33
3 3
95 95
124 124
85 85
111 111
66 66
96 96
78 78
60 60
87 87
92 92
20 20
15 15
135 135
82 82
130 130
19 19
126 126
112 112
2 2
12 12
6 6
44 44
146 146
