109 54
107 107
24 24
68 68
53 53
81 81
44 44
73 73
49 49
56 56
7 7
3 3
85 85
5 5
19 19
96 96
79 79
70 70
39 39
10 10
59 59
33 33
80 80
89 89
61 61
50 50
47 47
46 46
4 4
98 98
106 106
95 95
75 75
45 45
25 25
34 34
64 64
29 29
109 109
103 103
60 60
57 57
104 104
84 84
31 31
92 92
91 91
26 26
76 76
42 42
77 77
93 93
97 97
58 58
23 23
72 72
22 22
100 100
78 78
67 67
13 13
65 65
37 37
55 55
21 21
40 40
6 6
52 52
30 30
51 51
88 88
11 11
105 105
41 41
16 16
32 32
63 63
86 86
69 69
83 83
28 28
14 14
1 1
71 71
12 12
18 18
82 82
38 38
2 2
48 48
8 8
27 27
36 36
102 102
62 62
99 99
15 15
108 108
35 35
43 43
54 54
9 9
87 87
66 66
94 94
20 20
17 17
90 90
74 74
101 101
