165 82
47 47
148 148
42 42
81 81
76 76
134 134
125 125
105 105
103 103
55 55
45 45
30 30
80 80
27 27
66 66
28 28
120 120
155 155
75 75
154 154
104 104
58 58
84 84
92 92
48 48
147 147
87 87
93 93
159 159
9 9
133 133
101 101
83 83
54 54
37 37
21 21
107 107
7 7
122 122
36 36
17 17
67 67
124 124
57 57
86 86
56 56
46 46
131 131
100 100
18 18
162 162
15 15
164 164
1 1
23 23
136 136
126 126
14 14
5 5
140 140
24 24
110 110
138 138
25 25
145 145
10 10
8 8
4 4
142 142
102 102
158 158
29 29
74 74
157 157
63 63
59 59
123 123
70 70
26 26
39 39
38 38
99 99
20 20
137 137
149 149
41 41
62 62
51 51
44 44
3 3
53 53
40 40
79 79
150 150
71 71
35 35
118 118
52 52
113 113
60 60
161 161
43 43
90 90
95 95
73 73
129 129
146 146
82 82
12 12
127 127
109 109
119 119
135 135
98 98
121 121
34 34
152 152
94 94
19 19
50 50
2 2
89 89
117 117
143 143
64 64
156 156
88 88
130 130
61 61
85 85
33 33
151 151
144 144
114 114
65 65
153 153
22 22
112 112
163 163
11 11
77 77
32 32
68 68
128 128
96 96
141 141
97 97
16 16
69 69
116 116
160 160
132 132
72 72
106 106
13 13
91 91
6 6
111 111
31 31
139 139
78 78
165 165
115 115
108 108
49 49
