196 98
88 88
157 157
68 68
178 178
106 106
40 40
15 15
118 118
156 156
76 76
108 108
119 119
137 137
145 145
79 79
165 165
105 105
189 189
12 12
142 142
150 150
19 19
174 174
7 7
131 131
62 62
126 126
99 99
11 11
104 104
60 60
53 53
43 43
122 122
154 154
9 9
50 50
184 184
148 148
135 135
34 34
30 30
144 144
160 160
54 54
64 64
173 173
94 94
63 63
26 26
161 161
29 29
158 158
46 46
169 169
28 28
196 196
8 8
52 52
51 51
16 16
4 4
83 83
191 191
194 194
133 133
117 117
61 61
45 45
163 163
58 58
14 14
155 155
35 35
192 192
124 124
172 172
13 13
44 44
153 153
85 85
107 107
84 84
167 167
37 37
87 87
73 73
82 82
81 81
164 164
101 101
65 65
183 183
96 96
3 3
195 195
143 143
100 100
115 115
186 186
17 17
136 136
152 152
2 2
41 41
102 102
180 180
141 141
114 114
182 182
187 187
71 71
74 74
138 138
25 25
162 162
66 66
24 24
59 59
171 171
129 129
39 39
56 56
70 70
38 38
175 175
78 78
193 193
1 1
188 188
185 185
49 49
110 110
92 92
134 134
69 69
103 103
121 121
179 179
6 6
170 170
27 27
151 151
31 31
146 146
33 33
47 47
48 48
111 111
75 75
177 177
32 32
147 147
89 89
132 132
98 98
10 10
18 18
80 80
127 127
90 90
23 23
120 120
149 149
125 125
22 22
113 113
123 123
57 57
36 36
168 168
112 112
93 93
95 95
55 55
77 77
140 140
139 139
190 190
21 21
86 86
91 91
116 116
176 176
159 159
42 42
181 181
128 128
166 166
67 67
20 20
5 5
109 109
130 130
72 72
97 97
