173 86
24 24
158 158
71 71
83 83
40 40
96 96
140 140
166 166
155 155
139 139
95 95
16 16
37 37
94 94
98 98
125 125
157 157
49 49
77 77
105 105
9 9
59 59
120 120
172 172
29 29
91 91
53 53
73 73
50 50
116 116
173 173
52 52
130 130
82 82
65 65
55 55
88 88
33 33
74 74
150 150
168 168
51 51
84 84
2 2
117 117
101 101
90 90
163 163
31 31
167 167
76 76
39 39
45 45
48 48
89 89
104 104
151 151
93 93
23 23
147 147
127 127
86 86
108 108
8 8
10 10
161 161
100 100
126 126
102 102
35 35
128 128
34 34
119 119
136 136
78 78
14 14
110 110
164 164
81 81
123 123
70 70
6 6
28 28
41 41
63 63
26 26
145 145
162 162
97 97
118 118
13 13
11 11
18 18
154 154
171 171
114 114
143 143
25 25
92 92
4 4
87 87
85 85
148 148
46 46
67 67
152 152
103 103
64 64
121 121
142 142
109 109
27 27
113 113
7 7
144 144
132 132
170 170
56 56
115 115
3 3
79 79
61 61
58 58
38 38
146 146
138 138
66 66
62 62
169 169
1 1
165 165
57 57
80 80
124 124
5 5
17 17
131 131
43 43
19 19
153 153
135 135
129 129
156 156
12 12
22 22
68 68
122 122
106 106
141 141
42 42
20 20
15 15
47 47
36 36
30 30
32 32
75 75
134 134
54 54
60 60
99 99
112 112
72 72
137 137
44 44
133 133
111 111
69 69
21 21
160 160
159 159
149 149
107 107
