130 65
119 119
105 105
116 116
109 109
27 27
35 35
107 107
71 71
13 13
41 41
111 111
54 54
79 79
6 6
37 37
76 76
125 125
42 42
104 104
77 77
98 98
95 95
30 30
32 32
45 45
115 115
82 82
49 49
44 44
5 5
16 16
34 34
100 100
52 52
130 130
58 58
128 128
66 66
18 18
21 21
124 124
112 112
51 51
20 20
86 86
123 123
85 85
108 108
24 24
7 7
38 38
2 2
25 25
89 89
11 11
110 110
3 3
22 22
9 9
29 29
74 74
12 12
84 84
65 65
46 46
88 88
60 60
81 81
26 26
43 43
91 91
57 57
17 17
97 97
61 61
90 90
33 33
70 70
62 62
63 63
78 78
40 40
93 93
127 127
96 96
87 87
1 1
64 64
120 120
92 92
8 8
101 101
56 56
129 129
75 75
117 117
19 19
4 4
39 39
113 113
68 68
23 23
10 10
106 106
99 99
67 67
28 28
53 53
122 122
118 118
48 48
55 55
36 36
14 14
69 69
102 102
72 72
103 103
47 47
31 31
126 126
15 15
94 94
80 80
83 83
121 121
50 50
114 114
73 73
59 59
