92 46
56 56
40 40
89 89
58 58
41 41
28 28
24 24
9 9
87 87
13 13
4 4
50 50
64 64
55 55
49 49
19 19
33 33
20 20
34 34
45 45
15 15
35 35
75 75
59 59
66 66
47 47
65 65
42 42
86 86
16 16
88 88
3 3
72 72
43 43
85 85
92 92
70 70
22 22
14 14
30 30
67 67
48 48
90 90
6 6
21 21
29 29
69 69
5 5
57 57
78 78
79 79
23 23
51 51
18 18
2 2
60 60
46 46
27 27
1 1
25 25
82 82
11 11
54 54
83 83
61 61
17 17
52 52
32 32
12 12
38 38
81 81
74 74
7 7
10 10
80 80
26 26
39 39
76 76
71 71
37 37
77 77
62 62
63 63
73 73
84 84
91 91
36 36
31 31
53 53
44 44
68 68
8 8
