97 48
36 36
91 91
34 34
21 21
9 9
8 8
96 96
87 87
48 48
63 63
18 18
29 29
41 41
46 46
88 88
85 85
83 83
58 58
73 73
22 22
71 71
3 3
28 28
1 1
4 4
15 15
19 19
78 78
86 86
65 65
84 84
89 89
52 52
53 53
75 75
69 69
2 2
25 25
12 12
45 45
31 31
38 38
24 24
90 90
50 50
44 44
94 94
59 59
26 26
93 93
16 16
10 10
40 40
60 60
11 11
77 77
62 62
33 33
5 5
72 72
42 42
23 23
6 6
27 27
70 70
49 49
13 13
54 54
82 82
92 92
47 47
97 97
37 37
67 67
43 43
57 57
61 61
7 7
80 80
81 81
79 79
51 51
39 39
32 32
64 64
35 35
74 74
17 17
95 95
14 14
30 30
55 55
68 68
66 66
76 76
20 20
56 56
