101 50
68 68
19 19
96 96
80 80
61 61
41 41
90 90
92 92
32 32
18 18
10 10
16 16
77 77
2 2
53 53
23 23
81 81
51 51
30 30
69 69
45 45
34 34
35 35
7 7
76 76
8 8
31 31
21 21
22 22
86 86
12 12
29 29
97 97
37 37
38 38
1 1
50 50
75 75
78 78
49 49
88 88
67 67
91 91
94 94
60 60
62 62
56 56
84 84
33 33
64 64
70 70
39 39
59 59
73 73
11 11
89 89
63 63
36 36
14 14
3 3
4 4
98 98
93 93
48 48
100 100
82 82
85 85
13 13
65 65
101 101
74 74
15 15
57 57
79 79
71 71
58 58
6 6
17 17
54 54
20 20
66 66
83 83
5 5
42 42
26 26
28 28
72 72
87 87
43 43
24 24
27 27
95 95
55 55
47 47
52 52
99 99
46 46
9 9
40 40
44 44
25 25
