112 56
90 90
62 62
54 54
104 104
3 3
76 76
17 17
19 19
71 71
107 107
89 89
53 53
11 11
35 35
80 80
103 103
21 21
32 32
46 46
56 56
59 59
55 55
109 109
30 30
2 2
58 58
88 88
8 8
70 70
111 111
79 79
100 100
16 16
51 51
43 43
99 99
15 15
66 66
27 27
112 112
92 92
69 69
45 45
78 78
9 9
22 22
42 42
37 37
72 72
106 106
108 108
52 52
38 38
85 85
81 81
57 57
61 61
73 73
25 25
7 7
29 29
24 24
23 23
33 33
94 94
87 87
39 39
83 83
60 60
101 101
26 26
77 77
102 102
49 49
64 64
10 10
68 68
50 50
44 44
84 84
18 18
4 4
63 63
91 91
97 97
6 6
20 20
105 105
98 98
13 13
47 47
93 93
40 40
36 36
48 48
65 65
82 82
96 96
67 67
1 1
95 95
41 41
14 14
34 34
12 12
74 74
31 31
75 75
28 28
5 5
110 110
86 86
