184 92
128 128
177 177
19 19
137 137
165 165
113 113
63 63
172 172
146 146
132 132
72 72
142 142
21 21
5 5
140 140
133 133
141 141
123 123
55 55
73 73
75 75
160 160
84 84
35 35
15 15
176 176
92 92
4 4
65 65
158 158
50 50
144 144
93 93
6 6
170 170
184 184
155 155
61 61
24 24
39 39
58 58
119 119
43 43
157 157
20 20
2 2
131 131
183 183
127 127
8 8
52 52
118 118
77 77
162 162
81 81
143 143
31 31
29 29
173 173
148 148
87 87
181 181
40 40
129 129
79 79
53 53
74 74
57 57
153 153
25 25
111 111
99 99
109 109
36 36
28 28
103 103
95 95
106 106
7 7
9 9
163 163
150 150
26 26
67 67
104 104
17 17
37 37
96 96
85 85
120 120
42 42
161 161
78 78
34 34
122 122
62 62
117 117
121 121
51 51
69 69
145 145
152 152
22 22
114 114
48 48
59 59
27 27
151 151
107 107
83 83
182 182
166 166
98 98
105 105
167 167
149 149
124 124
171 171
90 90
102 102
66 66
136 136
159 159
169 169
38 38
12 12
91 91
80 80
89 89
168 168
49 49
41 41
116 116
76 76
82 82
68 68
45 45
97 97
180 180
125 125
130 130
46 46
175 175
94 94
18 18
101 101
70 70
56 56
64 64
179 179
178 178
134 134
44 44
174 174
1 1
135 135
71 71
16 16
156 156
32 32
30 30
100 100
86 86
33 33
147 147
138 138
108 108
11 11
164 164
10 10
110 110
47 47
112 112
154 154
115 115
139 139
23 23
60 60
13 13
14 14
3 3
54 54
88 88
126 126
