181 90
159 159
149 149
175 175
91 91
46 46
60 60
141 141
28 28
170 170
82 82
51 51
17 17
118 118
165 165
39 39
94 94
59 59
86 86
136 136
153 153
161 161
144 144
88 88
29 29
37 37
71 71
128 128
116 116
79 79
103 103
10 10
73 73
55 55
49 49
68 68
143 143
107 107
102 102
77 77
120 120
48 48
108 108
146 146
69 69
31 31
134 134
155 155
53 53
41 41
119 119
124 124
92 92
33 33
97 97
26 26
12 12
156 156
54 54
115 115
111 111
180 180
99 99
75 75
15 15
125 125
18 18
50 50
19 19
177 177
83 83
90 90
164 164
65 65
101 101
109 109
52 52
30 30
32 32
23 23
24 24
129 129
13 13
145 145
42 42
166 166
35 35
178 178
114 114
140 140
127 127
123 123
36 36
130 130
93 93
179 179
150 150
27 27
152 152
160 160
106 106
89 89
148 148
181 181
8 8
104 104
74 74
3 3
96 96
5 5
169 169
105 105
21 21
117 117
87 87
122 122
44 44
78 78
63 63
131 131
66 66
84 84
138 138
174 174
40 40
64 64
95 95
158 158
9 9
162 162
57 57
110 110
176 176
151 151
34 34
132 132
172 172
85 85
1 1
171 171
76 76
2 2
20 20
56 56
4 4
139 139
43 43
98 98
7 7
126 126
112 112
133 133
113 113
16 16
58 58
80 80
100 100
45 45
168 168
121 121
167 167
38 38
142 142
6 6
61 61
147 147
173 173
14 14
163 163
81 81
154 154
72 72
70 70
25 25
135 135
11 11
22 22
157 157
137 137
62 62
67 67
47 47
