161 80
104 104
101 101
21 21
124 124
122 122
67 67
100 100
57 57
137 137
8 8
148 148
19 19
32 32
114 114
118 118
43 43
55 55
151 151
85 85
115 115
119 119
127 127
92 92
70 70
46 46
31 31
38 38
99 99
96 96
20 20
128 128
145 145
30 30
35 35
86 86
54 54
143 143
48 48
133 133
22 22
95 95
52 52
69 69
15 15
144 144
26 26
110 110
45 45
6 6
59 59
82 82
1 1
23 23
125 125
161 161
93 93
142 142
51 51
108 108
139 139
16 16
13 13
44 44
5 5
157 157
78 78
73 73
3 3
79 79
7 7
50 50
81 81
149 149
58 58
12 12
71 71
27 27
138 138
94 94
29 29
89 89
17 17
37 37
61 61
39 39
40 40
33 33
11 11
136 136
2 2
56 56
83 83
132 132
65 65
24 24
88 88
156 156
10 10
64 64
60 60
42 42
109 109
126 126
34 34
106 106
72 72
25 25
91 91
103 103
130 130
154 154
14 14
76 76
84 84
116 116
146 146
28 28
53 53
102 102
9 9
68 68
90 90
152 152
160 160
150 150
134 134
129 129
98 98
4 4
159 159
140 140
18 18
66 66
158 158
111 111
36 36
41 41
87 87
105 105
80 80
135 135
113 113
63 63
49 49
121 121
117 117
131 131
112 112
123 123
62 62
75 75
107 107
147 147
120 120
155 155
77 77
74 74
153 153
97 97
141 141
47 47
