96 48
71 71
28 28
8 8
19 19
81 81
49 49
16 16
64 64
79 79
85 85
87 87
13 13
31 31
95 95
18 18
77 77
44 44
21 21
23 23
51 51
11 11
67 67
14 14
7 7
39 39
89 89
54 54
22 22
78 78
35 35
96 96
47 47
9 9
33 33
55 55
15 15
34 34
30 30
62 62
72 72
43 43
2 2
45 45
38 38
4 4
32 32
61 61
84 84
53 53
92 92
73 73
36 36
66 66
94 94
3 3
17 17
69 69
58 58
37 37
76 76
10 10
57 57
91 91
80 80
88 88
50 50
75 75
60 60
83 83
82 82
42 42
29 29
26 26
74 74
93 93
86 86
52 52
46 46
90 90
68 68
40 40
56 56
1 1
70 70
20 20
12 12
27 27
48 48
24 24
6 6
63 63
41 41
5 5
59 59
25 25
65 65
