114 57
92 92
85 85
36 36
44 44
97 97
81 81
105 105
24 24
25 25
3 3
18 18
8 8
50 50
66 66
100 100
5 5
108 108
53 53
56 56
72 72
2 2
61 61
35 35
101 101
74 74
29 29
54 54
33 33
58 58
47 47
45 45
6 6
84 84
31 31
69 69
63 63
94 94
19 19
76 76
46 46
32 32
64 64
34 34
57 57
96 96
43 43
73 73
55 55
111 111
60 60
17 17
22 22
113 113
23 23
107 107
26 26
86 86
106 106
42 42
16 16
59 59
83 83
1 1
65 65
90 90
30 30
114 114
98 98
27 27
28 28
70 70
51 51
15 15
79 79
80 80
102 102
37 37
87 87
71 71
77 77
103 103
9 9
82 82
95 95
78 78
91 91
104 104
89 89
110 110
75 75
67 67
12 12
99 99
11 11
93 93
112 112
7 7
49 49
10 10
14 14
21 21
13 13
48 48
52 52
40 40
41 41
39 39
38 38
62 62
20 20
68 68
88 88
4 4
109 109
