162 81
33 33
122 122
28 28
86 86
118 118
51 51
150 150
105 105
42 42
53 53
108 108
128 128
9 9
45 45
23 23
30 30
60 60
37 37
111 111
157 157
57 57
127 127
78 78
46 46
22 22
158 158
155 155
132 132
27 27
50 50
85 85
47 47
113 113
137 137
143 143
35 35
125 125
135 135
61 61
82 82
84 84
14 14
139 139
13 13
115 115
161 161
11 11
144 144
70 70
19 19
90 90
131 131
34 34
24 24
40 40
107 107
49 49
73 73
133 133
4 4
3 3
145 145
99 99
126 126
103 103
123 123
149 149
124 124
20 20
101 101
148 148
12 12
119 119
92 92
1 1
93 93
112 112
15 15
117 117
67 67
95 95
136 136
68 68
76 76
41 41
152 152
129 129
16 16
71 71
156 156
64 64
80 80
109 109
38 38
74 74
134 134
7 7
116 116
146 146
159 159
26 26
43 43
151 151
153 153
52 52
63 63
55 55
120 120
54 54
66 66
104 104
110 110
44 44
97 97
81 81
21 21
91 91
6 6
36 36
140 140
31 31
59 59
17 17
102 102
8 8
138 138
56 56
89 89
2 2
39 39
5 5
100 100
121 121
77 77
58 58
69 69
83 83
25 25
94 94
147 147
65 65
130 130
87 87
79 79
141 141
32 32
75 75
62 62
48 48
162 162
114 114
106 106
96 96
98 98
142 142
10 10
154 154
88 88
29 29
18 18
72 72
160 160
