167 83
57 57
148 148
88 88
144 144
67 67
100 100
132 132
9 9
13 13
109 109
62 62
12 12
89 89
118 118
120 120
164 164
30 30
73 73
98 98
60 60
3 3
117 117
94 94
6 6
45 45
114 114
19 19
84 84
167 167
58 58
122 122
162 162
143 143
82 82
119 119
36 36
83 83
157 157
159 159
49 49
33 33
105 105
107 107
70 70
91 91
101 101
127 127
75 75
23 23
129 129
80 80
54 54
22 22
155 155
166 166
32 32
110 110
5 5
111 111
74 74
71 71
95 95
20 20
18 18
121 121
115 115
104 104
53 53
116 116
102 102
21 21
24 24
28 28
1 1
72 72
48 48
79 79
7 7
130 130
76 76
86 86
31 31
46 46
142 142
35 35
125 125
158 158
50 50
99 99
38 38
42 42
124 124
40 40
165 165
103 103
4 4
15 15
137 137
108 108
146 146
51 51
27 27
16 16
61 61
161 161
69 69
55 55
160 160
133 133
151 151
66 66
39 39
126 126
131 131
26 26
123 123
153 153
85 85
56 56
87 87
154 154
92 92
150 150
25 25
140 140
90 90
112 112
63 63
93 93
149 149
14 14
135 135
152 152
43 43
68 68
29 29
163 163
113 113
138 138
17 17
11 11
128 128
2 2
141 141
81 81
37 37
59 59
65 65
34 34
52 52
47 47
41 41
10 10
77 77
156 156
97 97
8 8
106 106
145 145
96 96
78 78
136 136
64 64
44 44
139 139
134 134
147 147
