155 77
13 13
19 19
102 102
149 149
69 69
141 141
132 132
104 104
18 18
100 100
17 17
140 140
7 7
85 85
128 128
30 30
99 99
66 66
142 142
74 74
72 72
60 60
147 147
41 41
32 32
29 29
25 25
52 52
62 62
103 103
83 83
23 23
20 20
110 110
10 10
46 46
63 63
127 127
143 143
9 9
12 12
121 121
40 40
107 107
68 68
43 43
15 15
80 80
76 76
124 124
150 150
47 47
71 71
5 5
11 11
88 88
120 120
139 139
31 31
26 26
126 126
135 135
55 55
67 67
111 111
50 50
49 49
133 133
114 114
151 151
82 82
44 44
48 48
8 8
112 112
95 95
98 98
106 106
28 28
152 152
70 70
129 129
54 54
86 86
45 45
59 59
116 116
73 73
136 136
119 119
105 105
38 38
57 57
84 84
37 37
75 75
144 144
65 65
58 58
146 146
123 123
130 130
108 108
34 34
53 53
155 155
6 6
94 94
61 61
109 109
122 122
145 145
14 14
56 56
138 138
27 27
77 77
89 89
131 131
125 125
96 96
16 16
35 35
153 153
3 3
78 78
101 101
154 154
4 4
1 1
117 117
134 134
90 90
24 24
42 42
22 22
97 97
33 33
36 36
79 79
81 81
118 118
92 92
87 87
93 93
21 21
2 2
115 115
148 148
51 51
137 137
64 64
113 113
39 39
91 91
