98 49
9 9
72 72
11 11
70 70
91 91
83 83
45 45
33 33
46 46
37 37
38 38
49 49
26 26
81 81
95 95
97 97
93 93
56 56
84 84
77 77
32 32
44 44
15 15
54 54
92 92
75 75
4 4
89 89
68 68
57 57
59 59
21 21
96 96
14 14
94 94
62 62
58 58
12 12
7 7
41 41
76 76
1 1
80 80
90 90
60 60
67 67
87 87
35 35
36 36
53 53
16 16
71 71
64 64
24 24
29 29
43 43
61 61
47 47
34 34
30 30
22 22
6 6
85 85
66 66
23 23
2 2
19 19
3 3
25 25
51 51
78 78
8 8
39 39
55 55
31 31
69 69
52 52
48 48
42 42
82 82
73 73
5 5
27 27
17 17
74 74
40 40
88 88
65 65
50 50
28 28
13 13
86 86
10 10
18 18
20 20
79 79
98 98
63 63
