121 60
30 30
37 37
22 22
68 68
40 40
85 85
108 108
101 101
80 80
50 50
112 112
105 105
41 41
60 60
31 31
48 48
59 59
77 77
83 83
91 91
13 13
11 11
27 27
58 58
73 73
33 33
95 95
1 1
88 88
5 5
15 15
103 103
32 32
10 10
104 104
35 35
96 96
29 29
66 66
86 86
94 94
49 49
116 116
36 36
26 26
92 92
3 3
46 46
9 9
61 61
84 84
118 118
87 87
6 6
2 2
7 7
20 20
76 76
102 102
120 120
14 14
93 93
51 51
21 21
70 70
72 72
78 78
79 79
42 42
114 114
62 62
17 17
39 39
109 109
74 74
82 82
111 111
99 99
52 52
117 117
23 23
81 81
34 34
67 67
69 69
57 57
98 98
44 44
54 54
18 18
63 63
121 121
53 53
113 113
24 24
89 89
12 12
65 65
38 38
47 47
110 110
55 55
75 75
100 100
107 107
45 45
43 43
90 90
8 8
28 28
71 71
19 19
119 119
4 4
56 56
64 64
115 115
25 25
16 16
106 106
97 97
