116 58
61 61
100 100
36 36
108 108
73 73
92 92
5 5
9 9
27 27
82 82
38 38
48 48
109 109
49 49
4 4
2 2
34 34
26 26
74 74
12 12
105 105
46 46
47 47
75 75
67 67
84 84
35 35
87 87
25 25
116 116
98 98
70 70
85 85
93 93
17 17
76 76
13 13
6 6
29 29
72 72
58 58
65 65
80 80
97 97
44 44
20 20
54 54
23 23
78 78
94 94
3 3
86 86
77 77
62 62
88 88
64 64
91 91
60 60
16 16
50 50
81 81
71 71
18 18
41 41
90 90
30 30
53 53
103 103
22 22
1 1
8 8
66 66
68 68
10 10
110 110
45 45
39 39
112 112
57 57
32 32
7 7
95 95
31 31
111 111
63 63
113 113
59 59
89 89
99 99
114 114
14 14
107 107
101 101
24 24
28 28
40 40
83 83
15 15
79 79
106 106
102 102
43 43
33 33
21 21
55 55
69 69
56 56
42 42
19 19
52 52
11 11
37 37
115 115
51 51
104 104
96 96
