166 83
11 11
48 48
44 44
147 147
157 157
131 131
21 21
58 58
51 51
150 150
112 112
140 140
55 55
144 144
28 28
156 156
117 117
69 69
75 75
139 139
47 47
64 64
146 146
41 41
2 2
105 105
79 79
29 29
38 38
158 158
70 70
152 152
24 24
114 114
35 35
18 18
88 88
27 27
57 57
45 45
151 151
10 10
86 86
91 91
80 80
67 67
76 76
108 108
99 99
121 121
36 36
120 120
42 42
148 148
72 72
103 103
82 82
74 74
94 94
78 78
161 161
53 53
37 37
9 9
126 126
25 25
14 14
138 138
134 134
61 61
83 83
31 31
52 52
39 39
97 97
106 106
110 110
111 111
98 98
7 7
81 81
87 87
115 115
125 125
3 3
22 22
149 149
89 89
62 62
71 71
93 93
132 132
73 73
154 154
85 85
16 16
30 30
109 109
104 104
130 130
43 43
6 6
77 77
100 100
123 123
127 127
155 155
34 34
20 20
19 19
122 122
116 116
119 119
164 164
32 32
128 128
54 54
15 15
160 160
107 107
56 56
50 50
90 90
26 26
5 5
133 133
135 135
17 17
101 101
96 96
136 136
46 46
166 166
95 95
141 141
8 8
63 63
162 162
143 143
68 68
12 12
84 84
33 33
60 60
153 153
23 23
113 113
4 4
118 118
129 129
92 92
163 163
165 165
142 142
66 66
145 145
102 102
59 59
40 40
1 1
159 159
137 137
65 65
124 124
13 13
49 49
