185 92
44 44
22 22
179 179
180 180
139 139
20 20
15 15
135 135
145 145
97 97
40 40
61 61
39 39
171 171
66 66
123 123
51 51
120 120
157 157
100 100
159 159
17 17
105 105
60 60
119 119
144 144
138 138
74 74
162 162
71 71
68 68
178 178
73 73
155 155
11 11
160 160
98 98
141 141
149 149
37 37
55 55
65 65
125 125
183 183
154 154
107 107
2 2
27 27
79 79
182 182
101 101
35 35
126 126
16 16
67 67
133 133
41 41
88 88
173 173
164 164
184 184
29 29
80 80
64 64
177 177
175 175
83 83
46 46
59 59
4 4
56 56
129 129
8 8
148 148
103 103
95 95
26 26
84 84
10 10
86 86
75 75
52 52
170 170
146 146
124 124
36 36
174 174
152 152
111 111
176 176
156 156
13 13
143 143
1 1
163 163
128 128
50 50
32 32
57 57
113 113
58 58
69 69
43 43
121 121
77 77
91 91
109 109
136 136
14 14
99 99
85 85
166 166
54 54
118 118
130 130
114 114
140 140
153 153
7 7
169 169
38 38
116 116
96 96
161 161
53 53
92 92
89 89
33 33
132 132
31 31
122 122
90 90
28 28
112 112
168 168
108 108
82 82
63 63
165 165
24 24
87 87
94 94
5 5
30 30
76 76
72 72
47 47
45 45
25 25
93 93
151 151
18 18
185 185
12 12
21 21
62 62
102 102
131 131
23 23
104 104
19 19
42 42
137 137
81 81
115 115
110 110
127 127
117 117
3 3
9 9
167 167
142 142
106 106
70 70
48 48
181 181
6 6
158 158
49 49
147 147
150 150
172 172
134 134
34 34
78 78
