86 43
50 50
71 71
9 9
57 57
83 83
16 16
54 54
59 59
45 45
29 29
11 11
27 27
39 39
17 17
64 64
22 22
73 73
41 41
19 19
13 13
31 31
66 66
42 42
81 81
18 18
21 21
65 65
40 40
58 58
74 74
69 69
49 49
61 61
34 34
82 82
8 8
37 37
53 53
79 79
25 25
56 56
38 38
26 26
35 35
4 4
77 77
52 52
70 70
5 5
20 20
44 44
85 85
14 14
75 75
80 80
24 24
78 78
36 36
47 47
55 55
3 3
86 86
10 10
7 7
62 62
6 6
48 48
2 2
68 68
43 43
33 33
46 46
28 28
15 15
32 32
84 84
23 23
67 67
30 30
51 51
63 63
76 76
60 60
1 1
72 72
12 12
