142 71
121 121
112 112
136 136
19 19
24 24
83 83
135 135
5 5
92 92
58 58
57 57
76 76
129 129
6 6
18 18
93 93
128 128
71 71
101 101
100 100
54 54
96 96
97 97
134 134
125 125
25 25
86 86
106 106
74 74
79 79
11 11
126 126
123 123
133 133
39 39
21 21
75 75
8 8
17 17
102 102
117 117
15 15
110 110
42 42
63 63
103 103
70 70
23 23
127 127
48 48
140 140
99 99
34 34
40 40
111 111
72 72
137 137
119 119
55 55
28 28
9 9
68 68
49 49
108 108
16 16
4 4
13 13
122 122
3 3
85 85
53 53
22 22
118 118
124 124
114 114
73 73
64 64
32 32
14 14
113 113
130 130
77 77
62 62
51 51
84 84
43 43
2 2
109 109
1 1
33 33
30 30
98 98
138 138
120 120
81 81
7 7
60 60
89 89
104 104
141 141
87 87
10 10
52 52
132 132
66 66
107 107
26 26
20 20
41 41
139 139
38 38
67 67
44 44
65 65
27 27
37 37
94 94
50 50
142 142
78 78
47 47
82 82
35 35
56 56
115 115
80 80
95 95
88 88
12 12
59 59
29 29
131 131
45 45
69 69
116 116
61 61
31 31
90 90
105 105
46 46
91 91
36 36
