198 99
110 110
80 80
86 86
14 14
32 32
33 33
71 71
196 196
10 10
45 45
63 63
140 140
87 87
25 25
130 130
177 177
58 58
8 8
5 5
22 22
157 157
145 145
198 198
184 184
9 9
84 84
190 190
132 132
123 123
182 182
179 179
167 167
2 2
165 165
40 40
197 197
78 78
139 139
13 13
141 141
166 166
79 79
161 161
178 178
154 154
134 134
127 127
53 53
70 70
7 7
156 156
75 75
34 34
51 51
49 49
153 153
65 65
193 193
64 64
68 68
173 173
119 119
164 164
147 147
61 61
4 4
149 149
20 20
3 3
159 159
77 77
24 24
163 163
43 43
72 72
55 55
19 19
103 103
152 152
136 136
48 48
57 57
11 11
66 66
121 121
59 59
171 171
146 146
181 181
150 150
105 105
16 16
52 52
81 81
168 168
191 191
56 56
107 107
17 17
44 44
90 90
137 137
102 102
31 31
38 38
60 60
82 82
83 83
76 76
89 89
194 194
6 6
158 158
15 15
117 117
39 39
97 97
126 126
176 176
138 138
91 91
50 50
109 109
115 115
85 85
98 98
187 187
37 37
180 180
183 183
114 114
106 106
54 54
113 113
35 35
142 142
46 46
74 74
131 131
189 189
62 62
185 185
116 116
23 23
175 175
21 21
92 92
144 144
192 192
148 148
12 12
41 41
143 143
95 95
67 67
162 162
174 174
100 100
122 122
47 47
128 128
101 101
155 155
172 172
1 1
94 94
28 28
93 93
120 120
18 18
118 118
69 69
26 26
36 36
42 42
73 73
188 188
27 27
88 88
96 96
125 125
160 160
124 124
112 112
133 133
186 186
99 99
129 129
170 170
29 29
104 104
30 30
169 169
151 151
108 108
135 135
111 111
195 195
