95 47
12 12
62 62
27 27
20 20
16 16
37 37
41 41
35 35
53 53
67 67
90 90
75 75
80 80
23 23
93 93
15 15
57 57
2 2
72 72
60 60
89 89
34 34
79 79
30 30
44 44
82 82
59 59
68 68
94 94
48 48
33 33
19 19
51 51
36 36
17 17
14 14
43 43
85 85
61 61
18 18
50 50
71 71
39 39
86 86
64 64
69 69
9 9
78 78
25 25
91 91
47 47
87 87
42 42
4 4
40 40
45 45
11 11
76 76
63 63
83 83
66 66
77 77
88 88
13 13
56 56
84 84
22 22
31 31
32 32
55 55
28 28
7 7
3 3
29 29
38 38
46 46
81 81
52 52
65 65
6 6
49 49
10 10
24 24
95 95
73 73
92 92
21 21
58 58
26 26
5 5
1 1
8 8
54 54
70 70
74 74
