178 89
62 62
122 122
86 86
119 119
85 85
82 82
70 70
34 34
12 12
40 40
162 162
97 97
49 49
107 107
176 176
138 138
135 135
108 108
59 59
159 159
37 37
45 45
109 109
111 111
91 91
126 126
50 50
156 156
21 21
58 58
175 175
171 171
52 52
65 65
95 95
150 150
54 54
127 127
43 43
169 169
116 116
112 112
136 136
31 31
105 105
133 133
81 81
164 164
161 161
9 9
4 4
7 7
19 19
16 16
77 77
123 123
168 168
152 152
146 146
79 79
32 32
163 163
117 117
131 131
1 1
173 173
68 68
160 160
27 27
157 157
41 41
140 140
48 48
149 149
101 101
84 84
17 17
128 128
53 53
8 8
155 155
166 166
57 57
83 83
130 130
151 151
71 71
87 87
24 24
78 78
63 63
74 74
132 132
94 94
67 67
33 33
36 36
103 103
14 14
38 38
141 141
72 72
113 113
35 35
56 56
66 66
26 26
29 29
174 174
22 22
167 167
15 15
69 69
60 60
170 170
124 124
110 110
73 73
148 148
46 46
115 115
28 28
88 88
93 93
153 153
30 30
2 2
102 102
134 134
143 143
158 158
55 55
178 178
51 51
64 64
121 121
92 92
99 99
90 90
142 142
137 137
165 165
98 98
172 172
125 125
47 47
80 80
145 145
44 44
120 120
139 139
18 18
11 11
147 147
75 75
114 114
106 106
129 129
89 89
10 10
39 39
118 118
25 25
144 144
96 96
76 76
177 177
23 23
3 3
6 6
154 154
100 100
104 104
20 20
13 13
5 5
42 42
61 61
