141 70
85 85
98 98
83 83
56 56
69 69
71 71
88 88
130 130
111 111
75 75
81 81
39 39
129 129
91 91
55 55
25 25
27 27
63 63
94 94
118 118
107 107
137 137
78 78
66 66
31 31
117 117
42 42
112 112
68 68
87 87
38 38
95 95
114 114
41 41
132 132
76 76
11 11
17 17
105 105
82 82
3 3
80 80
2 2
12 12
123 123
141 141
110 110
15 15
113 113
14 14
8 8
30 30
74 74
43 43
133 133
101 101
62 62
23 23
139 139
127 127
53 53
104 104
100 100
28 28
29 29
121 121
134 134
18 18
131 131
108 108
21 21
24 24
36 36
126 126
45 45
93 93
89 89
61 61
96 96
7 7
50 50
46 46
59 59
120 120
26 26
54 54
33 33
138 138
84 84
51 51
79 79
140 140
58 58
86 86
52 52
64 64
109 109
47 47
35 35
44 44
9 9
1 1
116 116
115 115
102 102
57 57
72 72
48 48
97 97
67 67
49 49
16 16
40 40
37 37
119 119
125 125
60 60
103 103
73 73
6 6
32 32
124 124
70 70
13 13
136 136
128 128
106 106
4 4
65 65
92 92
77 77
135 135
10 10
90 90
122 122
99 99
19 19
20 20
22 22
34 34
5 5
