131 65
114 114
51 51
45 45
27 27
41 41
64 64
81 81
33 33
118 118
85 85
20 20
26 26
124 124
16 16
91 91
25 25
78 78
37 37
95 95
100 100
7 7
86 86
119 119
117 117
30 30
58 58
102 102
65 65
42 42
101 101
38 38
24 24
127 127
126 126
35 35
77 77
60 60
1 1
131 131
120 120
97 97
112 112
72 72
99 99
68 68
6 6
75 75
115 115
53 53
67 67
71 71
31 31
105 105
50 50
106 106
21 21
56 56
8 8
34 34
94 94
109 109
13 13
93 93
44 44
39 39
18 18
46 46
76 76
98 98
129 129
55 55
62 62
17 17
15 15
107 107
123 123
43 43
3 3
49 49
69 69
110 110
47 47
92 92
66 66
14 14
11 11
22 22
9 9
2 2
104 104
74 74
113 113
79 79
61 61
54 54
63 63
5 5
116 116
83 83
88 88
103 103
70 70
12 12
130 130
48 48
4 4
28 28
96 96
59 59
23 23
36 36
87 87
84 84
125 125
121 121
80 80
40 40
90 90
19 19
57 57
89 89
32 32
122 122
29 29
82 82
52 52
128 128
108 108
111 111
73 73
10 10
