120 60
72 72
24 24
118 118
75 75
26 26
31 31
115 115
107 107
64 64
2 2
95 95
61 61
1 1
101 101
62 62
96 96
68 68
8 8
13 13
114 114
40 40
78 78
17 17
19 19
51 51
116 116
71 71
105 105
7 7
76 76
30 30
25 25
67 67
120 120
35 35
43 43
44 44
56 56
46 46
86 86
29 29
66 66
47 47
94 94
27 27
108 108
82 82
65 65
98 98
104 104
73 73
28 28
77 77
97 97
112 112
45 45
12 12
6 6
54 54
9 9
50 50
80 80
100 100
36 36
111 111
10 10
99 99
33 33
117 117
39 39
49 49
58 58
79 79
4 4
84 84
113 113
69 69
34 34
16 16
22 22
110 110
55 55
38 38
88 88
102 102
5 5
70 70
60 60
57 57
89 89
109 109
21 21
20 20
48 48
85 85
90 90
59 59
87 87
3 3
74 74
91 91
14 14
18 18
63 63
106 106
23 23
37 37
83 83
81 81
103 103
92 92
42 42
93 93
11 11
119 119
41 41
53 53
32 32
52 52
15 15
