93 46
47 47
16 16
76 76
26 26
78 78
14 14
41 41
24 24
51 51
42 42
25 25
88 88
59 59
6 6
20 20
54 54
70 70
22 22
13 13
37 37
50 50
71 71
29 29
77 77
15 15
27 27
90 90
85 85
18 18
28 28
93 93
49 49
35 35
36 36
31 31
63 63
7 7
43 43
19 19
57 57
68 68
53 53
80 80
79 79
86 86
3 3
21 21
61 61
30 30
91 91
17 17
11 11
33 33
12 12
82 82
56 56
81 81
5 5
1 1
74 74
73 73
87 87
67 67
46 46
38 38
44 44
66 66
83 83
40 40
69 69
89 89
65 65
64 64
52 52
23 23
4 4
39 39
10 10
34 34
92 92
55 55
9 9
75 75
60 60
58 58
84 84
32 32
2 2
62 62
8 8
45 45
48 48
72 72
