124 62
26 26
45 45
67 67
32 32
2 2
78 78
71 71
27 27
38 38
21 21
31 31
8 8
41 41
76 76
12 12
9 9
56 56
22 22
109 109
54 54
70 70
34 34
118 118
98 98
57 57
103 103
113 113
53 53
87 87
85 85
25 25
91 91
23 23
24 24
89 89
29 29
28 28
68 68
124 124
48 48
79 79
5 5
74 74
37 37
116 116
44 44
51 51
62 62
42 42
97 97
112 112
11 11
39 39
111 111
55 55
75 75
77 77
120 120
58 58
36 36
86 86
99 99
106 106
93 93
14 14
6 6
123 123
117 117
40 40
115 115
7 7
121 121
104 104
110 110
83 83
82 82
3 3
108 108
13 13
92 92
66 66
46 46
69 69
101 101
1 1
50 50
80 80
119 119
15 15
63 63
107 107
88 88
72 72
30 30
90 90
102 102
95 95
16 16
4 4
96 96
84 84
100 100
61 61
17 17
60 60
59 59
33 33
64 64
105 105
94 94
43 43
73 73
18 18
47 47
49 49
20 20
10 10
122 122
65 65
35 35
114 114
19 19
52 52
81 81
