136 68
38 38
118 118
34 34
41 41
21 21
130 130
88 88
48 48
36 36
134 134
86 86
92 92
89 89
132 132
3 3
49 49
9 9
25 25
114 114
46 46
24 24
10 10
80 80
42 42
6 6
98 98
83 83
33 33
113 113
22 22
14 14
122 122
31 31
71 71
13 13
11 11
59 59
32 32
56 56
16 16
110 110
128 128
63 63
58 58
70 70
23 23
7 7
105 105
107 107
15 15
93 93
66 66
5 5
52 52
28 28
27 27
108 108
104 104
115 115
35 35
4 4
47 47
94 94
101 101
103 103
57 57
60 60
131 131
119 119
78 78
126 126
45 45
73 73
123 123
102 102
87 87
12 12
50 50
65 65
133 133
43 43
82 82
44 44
1 1
53 53
120 120
40 40
85 85
62 62
29 29
55 55
109 109
81 81
129 129
17 17
112 112
117 117
61 61
124 124
91 91
135 135
100 100
84 84
72 72
67 67
77 77
97 97
69 69
37 37
95 95
106 106
8 8
2 2
54 54
116 116
20 20
18 18
90 90
68 68
125 125
74 74
19 19
127 127
79 79
51 51
96 96
99 99
64 64
30 30
26 26
111 111
75 75
121 121
76 76
136 136
39 39
