118 59
62 62
14 14
46 46
7 7
108 108
92 92
101 101
61 61
116 116
64 64
19 19
45 45
106 106
40 40
22 22
107 107
56 56
15 15
50 50
68 68
49 49
115 115
43 43
110 110
13 13
109 109
102 102
30 30
38 38
63 63
11 11
33 33
59 59
57 57
88 88
32 32
55 55
31 31
93 93
117 117
91 91
12 12
94 94
89 89
47 47
21 21
1 1
103 103
73 73
3 3
67 67
105 105
25 25
54 54
111 111
48 48
118 118
44 44
75 75
71 71
82 82
69 69
35 35
86 86
65 65
99 99
98 98
8 8
58 58
9 9
20 20
97 97
4 4
28 28
52 52
79 79
6 6
34 34
84 84
78 78
100 100
66 66
83 83
85 85
104 104
23 23
27 27
90 90
36 36
76 76
114 114
2 2
77 77
26 26
5 5
24 24
80 80
74 74
112 112
41 41
42 42
72 72
18 18
17 17
60 60
10 10
70 70
96 96
113 113
95 95
37 37
16 16
81 81
39 39
53 53
29 29
87 87
51 51
