103 51
31 31
74 74
27 27
13 13
83 83
82 82
33 33
89 89
63 63
4 4
65 65
8 8
51 51
95 95
40 40
32 32
70 70
77 77
59 59
97 97
18 18
84 84
3 3
55 55
28 28
9 9
100 100
64 64
24 24
62 62
44 44
14 14
56 56
81 81
7 7
22 22
92 92
73 73
99 99
58 58
79 79
43 43
21 21
46 46
69 69
66 66
96 96
88 88
2 2
91 91
12 12
23 23
25 25
19 19
42 42
52 52
26 26
41 41
94 94
30 30
20 20
10 10
5 5
60 60
1 1
72 72
93 93
86 86
11 11
6 6
17 17
37 37
29 29
68 68
80 80
78 78
102 102
76 76
85 85
87 87
71 71
48 48
50 50
90 90
53 53
67 67
36 36
39 39
45 45
54 54
16 16
103 103
75 75
38 38
15 15
49 49
34 34
47 47
35 35
98 98
61 61
57 57
101 101
