139 69
107 107
51 51
71 71
85 85
18 18
87 87
16 16
134 134
58 58
110 110
125 125
65 65
73 73
29 29
133 133
12 12
96 96
93 93
34 34
138 138
55 55
88 88
80 80
28 28
15 15
69 69
113 113
128 128
91 91
86 86
72 72
23 23
49 49
35 35
90 90
8 8
92 92
81 81
104 104
24 24
20 20
26 26
114 114
103 103
38 38
106 106
66 66
94 94
63 63
130 130
108 108
54 54
77 77
112 112
6 6
50 50
105 105
82 82
67 67
52 52
25 25
83 83
10 10
111 111
1 1
136 136
119 119
115 115
14 14
109 109
126 126
70 70
95 95
79 79
135 135
57 57
30 30
127 127
60 60
42 42
120 120
129 129
19 19
76 76
45 45
137 137
118 118
117 117
68 68
36 36
39 39
75 75
101 101
98 98
61 61
32 32
97 97
9 9
5 5
116 116
46 46
11 11
84 84
132 132
131 131
43 43
74 74
99 99
40 40
121 121
22 22
13 13
31 31
78 78
62 62
56 56
44 44
123 123
59 59
17 17
37 37
47 47
102 102
64 64
89 89
2 2
122 122
41 41
53 53
27 27
4 4
21 21
100 100
48 48
33 33
7 7
139 139
3 3
124 124
