137 68
116 116
61 61
85 85
98 98
32 32
68 68
112 112
117 117
34 34
128 128
48 48
80 80
130 130
111 111
18 18
2 2
110 110
122 122
114 114
35 35
90 90
13 13
101 101
115 115
53 53
129 129
119 119
92 92
47 47
75 75
132 132
8 8
72 72
19 19
17 17
20 20
88 88
33 33
71 71
3 3
73 73
42 42
96 96
41 41
30 30
15 15
136 136
95 95
124 124
58 58
55 55
109 109
28 28
12 12
70 70
59 59
29 29
104 104
5 5
36 36
26 26
50 50
24 24
94 94
31 31
118 118
86 86
67 67
52 52
78 78
27 27
10 10
46 46
93 93
57 57
106 106
123 123
60 60
82 82
21 21
51 51
38 38
65 65
125 125
64 64
77 77
137 137
83 83
63 63
105 105
99 99
39 39
79 79
87 87
23 23
89 89
6 6
102 102
37 37
113 113
81 81
103 103
43 43
84 84
25 25
4 4
133 133
126 126
7 7
62 62
54 54
40 40
127 127
97 97
121 121
56 56
14 14
44 44
74 74
108 108
22 22
45 45
66 66
1 1
69 69
134 134
49 49
11 11
131 131
76 76
100 100
120 120
16 16
91 91
107 107
135 135
9 9
