149 74
140 140
132 132
34 34
94 94
18 18
54 54
108 108
56 56
87 87
114 114
91 91
61 61
97 97
83 83
63 63
37 37
41 41
22 22
145 145
49 49
144 144
98 98
53 53
17 17
65 65
46 46
62 62
126 126
138 138
143 143
139 139
115 115
21 21
52 52
106 106
135 135
72 72
55 55
67 67
80 80
124 124
47 47
40 40
59 59
105 105
26 26
86 86
6 6
38 38
19 19
110 110
117 117
92 92
24 24
88 88
36 36
73 73
33 33
125 125
131 131
142 142
116 116
127 127
89 89
99 99
107 107
11 11
70 70
130 130
2 2
104 104
111 111
101 101
119 119
133 133
15 15
100 100
1 1
134 134
31 31
3 3
109 109
20 20
29 29
68 68
146 146
60 60
85 85
50 50
16 16
4 4
64 64
121 121
66 66
76 76
13 13
39 39
95 95
141 141
14 14
42 42
129 129
84 84
30 30
149 149
112 112
27 27
74 74
25 25
148 148
9 9
79 79
118 118
5 5
113 113
32 32
147 147
82 82
23 23
120 120
137 137
93 93
123 123
102 102
77 77
78 78
10 10
136 136
103 103
58 58
12 12
28 28
96 96
75 75
43 43
57 57
81 81
51 51
128 128
71 71
7 7
90 90
48 48
8 8
69 69
45 45
35 35
122 122
44 44
