145 72
55 55
66 66
5 5
12 12
129 129
98 98
65 65
4 4
14 14
57 57
86 86
77 77
142 142
84 84
68 68
114 114
10 10
29 29
109 109
39 39
141 141
70 70
21 21
78 78
19 19
111 111
56 56
32 32
131 131
54 54
30 30
74 74
67 67
95 95
139 139
94 94
120 120
122 122
43 43
60 60
130 130
96 96
38 38
20 20
9 9
23 23
17 17
134 134
8 8
44 44
63 63
36 36
90 90
117 117
48 48
6 6
47 47
82 82
128 128
101 101
34 34
50 50
99 99
127 127
88 88
75 75
135 135
121 121
105 105
133 133
92 92
140 140
2 2
125 125
53 53
118 118
106 106
1 1
45 45
27 27
136 136
24 24
91 91
52 52
61 61
69 69
22 22
79 79
104 104
59 59
73 73
93 93
46 46
144 144
81 81
112 112
11 11
143 143
72 72
13 13
97 97
85 85
89 89
87 87
116 116
16 16
25 25
37 37
108 108
83 83
62 62
115 115
71 71
137 137
119 119
110 110
102 102
113 113
40 40
7 7
107 107
123 123
35 35
138 138
126 126
124 124
15 15
31 31
132 132
41 41
42 42
58 58
76 76
26 26
64 64
100 100
18 18
80 80
33 33
28 28
3 3
49 49
103 103
51 51
145 145
