117 58
76 76
49 49
22 22
54 54
112 112
57 57
12 12
91 91
103 103
40 40
34 34
108 108
117 117
60 60
95 95
100 100
84 84
50 50
67 67
98 98
1 1
66 66
4 4
10 10
2 2
26 26
31 31
104 104
110 110
107 107
16 16
32 32
28 28
55 55
113 113
90 90
93 93
65 65
102 102
105 105
87 87
23 23
80 80
78 78
59 59
6 6
64 64
21 21
20 20
114 114
17 17
74 74
42 42
8 8
25 25
53 53
73 73
56 56
75 75
30 30
41 41
79 79
81 81
62 62
72 72
48 48
106 106
29 29
109 109
97 97
70 70
15 15
52 52
63 63
9 9
69 69
101 101
24 24
82 82
92 92
37 37
88 88
11 11
33 33
115 115
38 38
45 45
19 19
43 43
27 27
51 51
99 99
47 47
94 94
13 13
3 3
116 116
44 44
39 39
85 85
36 36
18 18
5 5
111 111
68 68
89 89
96 96
46 46
83 83
77 77
71 71
86 86
7 7
35 35
14 14
61 61
58 58
