94 47
29 29
18 18
19 19
40 40
79 79
92 92
90 90
77 77
33 33
32 32
66 66
15 15
1 1
12 12
61 61
23 23
24 24
39 39
7 7
76 76
69 69
38 38
6 6
88 88
27 27
16 16
4 4
62 62
10 10
14 14
5 5
86 86
11 11
20 20
57 57
49 49
64 64
84 84
26 26
72 72
51 51
42 42
56 56
82 82
85 85
58 58
48 48
9 9
74 74
43 43
93 93
87 87
52 52
45 45
81 81
71 71
70 70
53 53
50 50
44 44
46 46
21 21
41 41
65 65
68 68
89 89
2 2
13 13
22 22
30 30
47 47
34 34
83 83
31 31
94 94
17 17
63 63
3 3
25 25
36 36
54 54
60 60
8 8
59 59
35 35
75 75
67 67
73 73
91 91
37 37
55 55
78 78
80 80
28 28
