172 86
93 93
135 135
25 25
76 76
95 95
32 32
128 128
169 169
133 133
39 39
10 10
108 108
105 105
45 45
15 15
33 33
126 126
161 161
48 48
170 170
55 55
90 90
65 65
155 155
136 136
9 9
129 129
60 60
12 12
131 131
28 28
52 52
144 144
59 59
5 5
23 23
6 6
157 157
121 121
87 87
165 165
152 152
150 150
29 29
49 49
153 153
137 137
103 103
85 85
46 46
145 145
117 117
2 2
81 81
22 22
149 149
20 20
158 158
21 21
68 68
143 143
63 63
154 154
163 163
72 72
47 47
35 35
160 160
147 147
164 164
71 71
167 167
106 106
58 58
70 70
43 43
112 112
98 98
107 107
140 140
3 3
134 134
99 99
67 67
120 120
79 79
75 75
127 127
123 123
24 24
91 91
18 18
7 7
89 89
125 125
111 111
64 64
84 84
156 156
19 19
124 124
36 36
17 17
40 40
113 113
96 96
130 130
78 78
118 118
74 74
34 34
139 139
101 101
97 97
151 151
80 80
104 104
77 77
37 37
51 51
116 116
172 172
146 146
54 54
166 166
8 8
16 16
44 44
73 73
83 83
102 102
148 148
94 94
38 38
92 92
66 66
4 4
132 132
14 14
142 142
1 1
109 109
119 119
30 30
11 11
13 13
56 56
115 115
114 114
162 162
138 138
50 50
100 100
122 122
88 88
69 69
53 53
31 31
61 61
41 41
26 26
42 42
82 82
168 168
86 86
141 141
62 62
27 27
57 57
171 171
110 110
159 159
