123 61
92 92
47 47
49 49
50 50
72 72
93 93
100 100
79 79
119 119
60 60
2 2
10 10
25 25
62 62
20 20
111 111
28 28
42 42
34 34
14 14
99 99
51 51
115 115
70 70
88 88
108 108
66 66
78 78
35 35
91 91
80 80
77 77
27 27
120 120
112 112
105 105
113 113
55 55
41 41
22 22
48 48
102 102
69 69
97 97
109 109
9 9
106 106
12 12
46 46
61 61
59 59
19 19
24 24
4 4
5 5
74 74
84 84
6 6
90 90
121 121
85 85
76 76
101 101
118 118
81 81
15 15
117 117
29 29
83 83
104 104
54 54
73 73
53 53
94 94
68 68
17 17
110 110
58 58
45 45
33 33
26 26
31 31
75 75
23 23
98 98
32 32
96 96
16 16
64 64
65 65
114 114
36 36
95 95
123 123
116 116
18 18
57 57
21 21
82 82
122 122
8 8
67 67
71 71
87 87
38 38
7 7
3 3
13 13
44 44
86 86
39 39
43 43
40 40
56 56
30 30
52 52
63 63
103 103
37 37
11 11
1 1
107 107
89 89
