194 97
2 2
121 121
137 137
97 97
170 170
133 133
69 69
90 90
160 160
4 4
116 116
165 165
183 183
158 158
135 135
157 157
10 10
176 176
184 184
29 29
21 21
99 99
153 153
114 114
18 18
30 30
189 189
63 63
122 122
77 77
192 192
53 53
42 42
47 47
32 32
48 48
123 123
173 173
148 148
138 138
44 44
49 49
101 101
186 186
94 94
120 120
175 175
124 124
151 151
11 11
9 9
167 167
41 41
64 64
73 73
194 194
5 5
8 8
166 166
1 1
103 103
181 181
139 139
26 26
80 80
177 177
92 92
72 72
174 174
56 56
65 65
78 78
149 149
70 70
190 190
7 7
152 152
38 38
154 154
142 142
15 15
171 171
178 178
98 98
113 113
126 126
106 106
74 74
14 14
12 12
185 185
143 143
125 125
89 89
39 39
60 60
163 163
31 31
91 91
17 17
132 132
33 33
169 169
193 193
105 105
67 67
86 86
162 162
146 146
95 95
150 150
168 168
36 36
145 145
188 188
93 93
129 129
25 25
27 27
182 182
134 134
83 83
58 58
3 3
156 156
51 51
55 55
79 79
75 75
68 68
37 37
164 164
40 40
62 62
43 43
104 104
131 131
85 85
115 115
111 111
28 28
57 57
136 136
54 54
34 34
71 71
179 179
66 66
52 52
161 161
88 88
140 140
127 127
45 45
191 191
61 61
110 110
82 82
50 50
87 87
108 108
130 130
147 147
144 144
159 159
119 119
180 180
141 141
19 19
102 102
155 155
6 6
107 107
59 59
84 84
128 128
118 118
112 112
187 187
117 117
20 20
100 100
13 13
46 46
24 24
22 22
35 35
76 76
16 16
96 96
23 23
172 172
81 81
109 109
