127 63
18 18
75 75
25 25
58 58
51 51
47 47
20 20
62 62
39 39
2 2
80 80
32 32
110 110
52 52
56 56
123 123
119 119
93 93
5 5
4 4
111 111
94 94
42 42
34 34
70 70
1 1
27 27
46 46
49 49
60 60
53 53
122 122
67 67
115 115
88 88
50 50
86 86
76 76
116 116
74 74
35 35
102 102
26 26
69 69
107 107
8 8
12 12
117 117
57 57
71 71
61 61
29 29
89 89
78 78
41 41
66 66
121 121
113 113
54 54
36 36
103 103
84 84
114 114
81 81
120 120
9 9
79 79
92 92
105 105
108 108
37 37
98 98
17 17
106 106
13 13
64 64
63 63
73 73
68 68
10 10
3 3
45 45
24 24
125 125
65 65
48 48
77 77
100 100
38 38
91 91
124 124
55 55
6 6
95 95
16 16
43 43
7 7
118 118
59 59
31 31
83 83
15 15
30 30
87 87
33 33
44 44
14 14
127 127
101 101
85 85
28 28
23 23
109 109
22 22
112 112
21 21
11 11
126 126
82 82
99 99
72 72
90 90
96 96
19 19
97 97
40 40
104 104
