138 69
3 3
52 52
108 108
5 5
60 60
15 15
7 7
80 80
76 76
63 63
109 109
6 6
138 138
55 55
107 107
98 98
44 44
105 105
47 47
95 95
48 48
117 117
130 130
90 90
29 29
92 92
111 111
121 121
12 12
13 13
33 33
135 135
58 58
39 39
85 85
20 20
41 41
54 54
118 118
65 65
116 116
28 28
120 120
126 126
19 19
119 119
127 127
57 57
8 8
69 69
77 77
74 74
131 131
17 17
96 96
79 79
45 45
36 36
35 35
71 71
46 46
134 134
103 103
38 38
4 4
23 23
68 68
51 51
42 42
61 61
56 56
18 18
14 14
26 26
86 86
34 34
9 9
101 101
37 37
106 106
82 82
66 66
16 16
122 122
88 88
1 1
21 21
112 112
124 124
32 32
133 133
75 75
123 123
89 89
110 110
102 102
53 53
100 100
27 27
49 49
70 70
113 113
43 43
136 136
125 125
67 67
99 99
137 137
84 84
31 31
129 129
62 62
22 22
115 115
10 10
64 64
72 72
83 83
87 87
78 78
11 11
50 50
94 94
2 2
81 81
59 59
91 91
93 93
132 132
30 30
104 104
128 128
114 114
73 73
24 24
40 40
25 25
97 97
