125 62
22 22
96 96
75 75
70 70
6 6
105 105
88 88
3 3
50 50
25 25
52 52
117 117
78 78
19 19
41 41
44 44
112 112
93 93
121 121
72 72
13 13
36 36
91 91
82 82
99 99
119 119
37 37
59 59
26 26
125 125
14 14
4 4
5 5
123 123
89 89
61 61
12 12
113 113
104 104
122 122
115 115
71 71
124 124
87 87
79 79
45 45
77 77
97 97
63 63
21 21
7 7
69 69
9 9
42 42
111 111
15 15
95 95
2 2
30 30
64 64
83 83
110 110
33 33
98 98
24 24
103 103
34 34
10 10
29 29
60 60
84 84
54 54
47 47
17 17
35 35
58 58
18 18
100 100
86 86
28 28
48 48
57 57
23 23
51 51
11 11
102 102
106 106
53 53
101 101
27 27
94 94
49 49
73 73
81 81
8 8
118 118
39 39
38 38
76 76
46 46
43 43
85 85
107 107
109 109
16 16
67 67
90 90
65 65
1 1
68 68
74 74
62 62
31 31
92 92
80 80
55 55
120 120
32 32
108 108
66 66
116 116
20 20
56 56
114 114
40 40
