159 79
157 157
54 54
5 5
68 68
39 39
82 82
33 33
52 52
79 79
114 114
63 63
70 70
140 140
9 9
47 47
145 145
29 29
36 36
74 74
128 128
11 11
2 2
109 109
35 35
110 110
45 45
141 141
137 137
19 19
7 7
144 144
73 73
43 43
76 76
159 159
3 3
158 158
133 133
143 143
85 85
119 119
59 59
103 103
89 89
108 108
18 18
32 32
13 13
142 142
154 154
156 156
149 149
56 56
131 131
23 23
58 58
38 38
91 91
20 20
34 34
99 99
69 69
17 17
125 125
30 30
111 111
88 88
151 151
138 138
96 96
10 10
132 132
129 129
60 60
148 148
136 136
134 134
16 16
116 116
139 139
64 64
80 80
28 28
31 31
75 75
135 135
104 104
26 26
150 150
93 93
41 41
15 15
44 44
14 14
84 84
124 124
42 42
95 95
101 101
6 6
37 37
25 25
121 121
90 90
50 50
12 12
130 130
92 92
27 27
1 1
117 117
4 4
66 66
61 61
120 120
94 94
72 72
100 100
152 152
57 57
127 127
147 147
123 123
83 83
107 107
67 67
146 146
118 118
49 49
55 55
102 102
98 98
46 46
65 65
78 78
126 126
115 115
155 155
22 22
51 51
113 113
62 62
71 71
106 106
97 97
122 122
40 40
87 87
8 8
48 48
86 86
105 105
53 53
77 77
81 81
112 112
24 24
153 153
21 21
