199 99
111 111
127 127
56 56
65 65
128 128
53 53
66 66
123 123
118 118
184 184
193 193
35 35
49 49
57 57
31 31
177 177
83 83
154 154
79 79
61 61
191 191
50 50
152 152
93 93
139 139
146 146
95 95
94 94
64 64
120 120
104 104
25 25
30 30
190 190
12 12
4 4
63 63
117 117
107 107
195 195
105 105
102 102
179 179
172 172
74 74
122 122
52 52
189 189
147 147
40 40
78 78
174 174
62 62
157 157
17 17
158 158
43 43
153 153
135 135
194 194
46 46
125 125
170 170
8 8
119 119
13 13
47 47
145 145
165 165
198 198
67 67
185 185
110 110
132 132
136 136
86 86
166 166
121 121
15 15
21 21
101 101
140 140
60 60
81 81
124 124
186 186
76 76
36 36
159 159
72 72
148 148
44 44
55 55
90 90
80 80
92 92
91 91
68 68
48 48
156 156
45 45
171 171
143 143
38 38
150 150
84 84
131 131
42 42
188 188
58 58
96 96
26 26
108 108
180 180
23 23
169 169
197 197
28 28
1 1
199 199
2 2
106 106
87 87
82 82
100 100
138 138
103 103
134 134
161 161
14 14
37 37
27 27
71 71
24 24
130 130
10 10
133 133
168 168
129 129
54 54
29 29
3 3
113 113
6 6
59 59
5 5
69 69
19 19
167 167
114 114
97 97
109 109
98 98
11 11
16 16
41 41
73 73
182 182
9 9
99 99
137 137
173 173
20 20
163 163
175 175
142 142
183 183
160 160
149 149
51 51
70 70
116 116
196 196
164 164
77 77
7 7
144 144
89 89
88 88
151 151
33 33
115 115
162 162
112 112
181 181
85 85
18 18
32 32
187 187
34 34
22 22
155 155
39 39
176 176
192 192
75 75
178 178
126 126
141 141
