168 84
157 157
63 63
100 100
58 58
145 145
71 71
64 64
46 46
14 14
39 39
83 83
91 91
162 162
2 2
68 68
92 92
98 98
27 27
17 17
159 159
77 77
138 138
112 112
132 132
164 164
81 81
166 166
26 26
15 15
103 103
99 99
97 97
151 151
90 90
117 117
41 41
56 56
21 21
158 158
55 55
20 20
66 66
127 127
67 67
31 31
34 34
111 111
126 126
148 148
18 18
28 28
128 128
70 70
59 59
141 141
134 134
165 165
119 119
53 53
38 38
115 115
129 129
44 44
161 161
167 167
19 19
95 95
86 86
78 78
9 9
131 131
69 69
147 147
25 25
48 48
149 149
93 93
50 50
84 84
65 65
6 6
30 30
120 120
11 11
96 96
107 107
23 23
62 62
10 10
4 4
125 125
143 143
150 150
36 36
89 89
130 130
33 33
135 135
51 51
3 3
106 106
139 139
124 124
12 12
168 168
114 114
118 118
57 57
61 61
108 108
155 155
52 52
144 144
16 16
105 105
7 7
109 109
60 60
122 122
156 156
8 8
87 87
110 110
137 137
42 42
104 104
32 32
121 121
73 73
88 88
74 74
133 133
142 142
146 146
22 22
79 79
75 75
37 37
116 116
136 136
47 47
5 5
152 152
1 1
85 85
29 29
102 102
76 76
45 45
123 123
49 49
163 163
94 94
13 13
54 54
72 72
101 101
153 153
24 24
82 82
43 43
35 35
154 154
80 80
140 140
113 113
40 40
160 160
