197 98
92 92
179 179
82 82
149 149
23 23
2 2
130 130
163 163
123 123
129 129
13 13
44 44
52 52
185 185
86 86
169 169
4 4
25 25
114 114
66 66
22 22
150 150
103 103
118 118
54 54
106 106
64 64
32 32
170 170
144 144
20 20
49 49
85 85
195 195
116 116
126 126
153 153
143 143
74 74
51 51
101 101
174 174
100 100
41 41
88 88
30 30
3 3
102 102
175 175
167 167
79 79
138 138
78 78
56 56
188 188
135 135
165 165
38 38
18 18
95 95
17 17
1 1
98 98
36 36
31 31
183 183
142 142
87 87
140 140
156 156
115 115
127 127
176 176
77 77
197 197
46 46
128 128
110 110
157 157
152 152
37 37
61 61
168 168
139 139
12 12
109 109
97 97
9 9
172 172
136 136
124 124
71 71
91 91
63 63
84 84
29 29
160 160
146 146
173 173
62 62
131 131
166 166
14 14
113 113
158 158
94 94
155 155
187 187
120 120
7 7
182 182
19 19
147 147
112 112
90 90
68 68
76 76
11 11
191 191
99 99
159 159
15 15
145 145
75 75
89 89
83 83
26 26
59 59
104 104
73 73
33 33
42 42
180 180
137 137
67 67
6 6
27 27
72 72
117 117
80 80
190 190
45 45
186 186
57 57
154 154
151 151
8 8
161 161
39 39
40 40
70 70
53 53
21 21
35 35
192 192
178 178
34 34
119 119
81 81
50 50
148 148
24 24
43 43
181 181
164 164
196 196
60 60
65 65
111 111
105 105
48 48
108 108
69 69
55 55
125 125
93 93
16 16
133 133
28 28
193 193
141 141
132 132
134 134
189 189
122 122
10 10
58 58
184 184
171 171
121 121
96 96
5 5
177 177
107 107
47 47
162 162
194 194
