99 49
15 15
69 69
24 24
50 50
12 12
59 59
35 35
25 25
81 81
93 93
39 39
63 63
70 70
32 32
17 17
2 2
4 4
84 84
92 92
91 91
56 56
55 55
89 89
98 98
22 22
36 36
34 34
75 75
29 29
53 53
18 18
90 90
85 85
78 78
61 61
1 1
73 73
5 5
33 33
9 9
66 66
51 51
82 82
7 7
64 64
88 88
57 57
40 40
96 96
37 37
21 21
94 94
42 42
30 30
3 3
27 27
14 14
10 10
74 74
60 60
45 45
86 86
72 72
38 38
13 13
65 65
95 95
71 71
20 20
48 48
87 87
46 46
44 44
41 41
26 26
6 6
47 47
68 68
19 19
52 52
23 23
77 77
97 97
43 43
76 76
62 62
80 80
83 83
28 28
31 31
49 49
67 67
99 99
8 8
54 54
58 58
16 16
79 79
11 11
