107 53
50 50
34 34
93 93
73 73
100 100
40 40
88 88
91 91
21 21
74 74
72 72
96 96
70 70
95 95
85 85
104 104
14 14
56 56
30 30
83 83
29 29
102 102
47 47
77 77
58 58
105 105
68 68
69 69
67 67
19 19
62 62
97 97
39 39
49 49
23 23
20 20
65 65
43 43
42 42
35 35
94 94
10 10
75 75
101 101
89 89
76 76
84 84
46 46
25 25
36 36
37 37
41 41
31 31
18 18
71 71
15 15
52 52
87 87
8 8
59 59
22 22
27 27
9 9
32 32
12 12
103 103
51 51
55 55
6 6
53 53
82 82
3 3
63 63
106 106
60 60
38 38
13 13
2 2
86 86
48 48
81 81
66 66
61 61
45 45
17 17
78 78
28 28
99 99
64 64
54 54
24 24
4 4
5 5
26 26
7 7
107 107
11 11
57 57
79 79
44 44
80 80
33 33
92 92
90 90
1 1
16 16
98 98
