190 95
62 62
30 30
14 14
150 150
41 41
71 71
168 168
52 52
130 130
114 114
129 129
18 18
184 184
153 153
187 187
156 156
33 33
110 110
94 94
142 142
99 99
95 95
145 145
56 56
22 22
173 173
190 190
60 60
74 74
117 117
27 27
116 116
80 80
174 174
8 8
97 97
131 131
78 78
111 111
65 65
2 2
112 112
182 182
84 84
9 9
47 47
20 20
59 59
73 73
34 34
51 51
136 136
3 3
124 124
96 96
125 125
167 167
119 119
133 133
166 166
91 91
28 28
88 88
152 152
72 72
10 10
160 160
31 31
169 169
32 32
75 75
144 144
138 138
58 58
121 121
16 16
38 38
53 53
79 79
181 181
63 63
122 122
101 101
141 141
66 66
61 61
109 109
159 159
85 85
127 127
149 149
23 23
4 4
155 155
49 49
1 1
98 98
102 102
170 170
179 179
19 19
163 163
26 26
42 42
128 128
36 36
13 13
158 158
186 186
139 139
48 48
143 143
178 178
164 164
92 92
108 108
6 6
175 175
21 21
39 39
120 120
55 55
151 151
43 43
64 64
11 11
45 45
90 90
183 183
44 44
57 57
69 69
176 176
118 118
132 132
134 134
54 54
105 105
35 35
146 146
50 50
106 106
140 140
171 171
87 87
103 103
157 157
81 81
177 177
17 17
189 189
25 25
154 154
29 29
89 89
67 67
185 185
7 7
77 77
137 137
115 115
68 68
135 135
76 76
93 93
162 162
37 37
86 86
83 83
46 46
12 12
161 161
40 40
147 147
24 24
172 172
15 15
70 70
165 165
126 126
188 188
100 100
104 104
180 180
82 82
5 5
148 148
123 123
113 113
107 107
