186 93
100 100
47 47
125 125
148 148
20 20
72 72
41 41
103 103
129 129
89 89
163 163
105 105
110 110
159 159
140 140
173 173
143 143
117 117
68 68
152 152
32 32
19 19
17 17
58 58
90 90
185 185
44 44
25 25
96 96
179 179
124 124
8 8
51 51
112 112
93 93
107 107
116 116
42 42
127 127
31 31
136 136
122 122
71 71
59 59
176 176
167 167
16 16
28 28
65 65
52 52
12 12
120 120
4 4
85 85
181 181
141 141
113 113
139 139
137 137
157 157
165 165
38 38
24 24
145 145
142 142
67 67
109 109
114 114
164 164
74 74
9 9
149 149
111 111
175 175
162 162
1 1
119 119
126 126
36 36
18 18
147 147
95 95
86 86
108 108
171 171
97 97
183 183
33 33
53 53
61 61
13 13
121 121
22 22
10 10
70 70
151 151
3 3
150 150
26 26
134 134
158 158
135 135
172 172
6 6
64 64
11 11
40 40
182 182
98 98
156 156
76 76
81 81
56 56
75 75
94 94
154 154
82 82
78 78
88 88
161 161
144 144
37 37
77 77
45 45
66 66
43 43
92 92
146 146
101 101
62 62
123 123
138 138
180 180
168 168
7 7
104 104
48 48
128 128
49 49
84 84
178 178
169 169
87 87
83 83
30 30
91 91
2 2
63 63
69 69
133 133
27 27
80 80
50 50
29 29
15 15
160 160
34 34
23 23
99 99
106 106
5 5
14 14
35 35
131 131
102 102
39 39
21 21
55 55
132 132
153 153
184 184
174 174
54 54
115 115
170 170
177 177
79 79
46 46
118 118
186 186
155 155
130 130
57 57
60 60
166 166
73 73
