152 76
140 140
128 128
57 57
14 14
77 77
101 101
31 31
44 44
115 115
104 104
68 68
79 79
125 125
94 94
90 90
100 100
24 24
130 130
117 117
123 123
76 76
67 67
152 152
132 132
18 18
60 60
37 37
116 116
112 112
99 99
106 106
20 20
80 80
74 74
89 89
8 8
47 47
110 110
49 49
25 25
6 6
135 135
2 2
85 85
121 121
35 35
147 147
105 105
131 131
53 53
51 51
16 16
127 127
10 10
70 70
96 96
7 7
145 145
137 137
43 43
17 17
3 3
28 28
36 36
103 103
92 92
139 139
150 150
56 56
38 38
126 126
143 143
97 97
114 114
21 21
34 34
87 87
144 144
102 102
149 149
61 61
129 129
11 11
86 86
124 124
71 71
148 148
1 1
118 118
134 134
27 27
95 95
65 65
82 82
136 136
26 26
22 22
75 75
48 48
52 52
29 29
64 64
72 72
146 146
122 122
109 109
9 9
91 91
84 84
138 138
93 93
40 40
78 78
66 66
142 142
12 12
151 151
62 62
83 83
98 98
119 119
45 45
33 33
23 23
59 59
46 46
58 58
42 42
120 120
50 50
141 141
41 41
32 32
113 113
39 39
133 133
107 107
69 69
88 88
108 108
54 54
30 30
73 73
5 5
81 81
13 13
4 4
111 111
63 63
15 15
55 55
19 19
