192 96
70 70
118 118
12 12
43 43
16 16
142 142
25 25
26 26
124 124
127 127
94 94
155 155
189 189
138 138
87 87
55 55
150 150
71 71
64 64
95 95
8 8
154 154
82 82
42 42
135 135
140 140
108 108
61 61
136 136
65 65
89 89
1 1
160 160
85 85
34 34
44 44
148 148
144 144
21 21
33 33
78 78
48 48
188 188
13 13
104 104
24 24
49 49
38 38
167 167
181 181
18 18
115 115
75 75
117 117
10 10
56 56
79 79
11 11
93 93
37 37
15 15
62 62
45 45
81 81
83 83
169 169
51 51
88 88
164 164
29 29
77 77
161 161
147 147
110 110
52 52
121 121
7 7
99 99
36 36
5 5
128 128
39 39
120 120
185 185
40 40
174 174
30 30
23 23
146 146
66 66
131 131
54 54
173 173
122 122
47 47
63 63
163 163
90 90
107 107
129 129
97 97
139 139
170 170
176 176
19 19
141 141
76 76
125 125
165 165
59 59
3 3
192 192
186 186
14 14
114 114
159 159
57 57
27 27
145 145
187 187
102 102
103 103
60 60
182 182
58 58
157 157
143 143
190 190
22 22
2 2
116 116
152 152
28 28
113 113
179 179
9 9
112 112
32 32
162 162
111 111
100 100
41 41
133 133
68 68
31 31
180 180
105 105
101 101
134 134
53 53
91 91
92 92
74 74
69 69
46 46
158 158
149 149
178 178
177 177
123 123
172 172
156 156
96 96
72 72
73 73
184 184
80 80
153 153
126 126
191 191
35 35
86 86
50 50
168 168
67 67
137 137
151 151
183 183
84 84
175 175
109 109
6 6
17 17
130 130
106 106
98 98
119 119
132 132
4 4
20 20
166 166
171 171
