115 57
59 59
114 114
43 43
88 88
69 69
37 37
32 32
96 96
15 15
30 30
79 79
55 55
104 104
46 46
14 14
42 42
6 6
86 86
80 80
4 4
27 27
111 111
39 39
91 91
45 45
9 9
16 16
99 99
20 20
50 50
76 76
107 107
84 84
33 33
2 2
90 90
75 75
36 36
60 60
10 10
94 94
71 71
17 17
81 81
47 47
98 98
64 64
102 102
5 5
62 62
82 82
115 115
110 110
53 53
52 52
34 34
93 93
57 57
95 95
100 100
1 1
87 87
113 113
109 109
66 66
24 24
28 28
101 101
85 85
70 70
3 3
108 108
35 35
56 56
65 65
7 7
12 12
78 78
105 105
25 25
26 26
83 83
97 97
63 63
38 38
11 11
18 18
22 22
44 44
67 67
31 31
19 19
72 72
49 49
89 89
8 8
23 23
74 74
48 48
54 54
41 41
13 13
21 21
61 61
106 106
68 68
77 77
73 73
51 51
58 58
29 29
40 40
92 92
112 112
103 103
