151 75
20 20
40 40
38 38
7 7
60 60
145 145
31 31
91 91
52 52
104 104
53 53
77 77
1 1
114 114
32 32
140 140
112 112
102 102
89 89
85 85
25 25
120 120
110 110
6 6
83 83
76 76
115 115
64 64
113 113
78 78
39 39
82 82
105 105
124 124
122 122
27 27
133 133
15 15
111 111
84 84
70 70
138 138
136 136
135 135
11 11
3 3
121 121
143 143
22 22
131 131
28 28
103 103
107 107
59 59
128 128
67 67
44 44
73 73
132 132
87 87
93 93
147 147
24 24
12 12
5 5
94 94
149 149
55 55
26 26
90 90
54 54
62 62
134 134
42 42
65 65
35 35
33 33
9 9
101 101
29 29
144 144
150 150
30 30
109 109
41 41
63 63
68 68
4 4
49 49
130 130
17 17
98 98
56 56
18 18
81 81
80 80
13 13
71 71
108 108
125 125
19 19
36 36
14 14
50 50
45 45
116 116
151 151
126 126
61 61
74 74
95 95
148 148
75 75
43 43
34 34
92 92
142 142
72 72
88 88
48 48
119 119
21 21
97 97
141 141
117 117
37 37
123 123
8 8
16 16
99 99
69 69
96 96
137 137
79 79
146 146
100 100
139 139
58 58
23 23
10 10
51 51
127 127
86 86
2 2
66 66
57 57
47 47
118 118
46 46
106 106
129 129
