106 53
82 82
49 49
5 5
13 13
53 53
83 83
11 11
104 104
27 27
48 48
23 23
18 18
65 65
24 24
34 34
78 78
75 75
88 88
45 45
44 44
6 6
16 16
40 40
12 12
72 72
30 30
89 89
51 51
66 66
87 87
7 7
50 50
10 10
37 37
102 102
95 95
28 28
70 70
17 17
59 59
55 55
26 26
46 46
41 41
84 84
61 61
71 71
56 56
20 20
2 2
22 22
77 77
106 106
39 39
86 86
98 98
3 3
43 43
100 100
1 1
35 35
99 99
101 101
67 67
4 4
36 36
93 93
21 21
90 90
96 96
29 29
103 103
52 52
105 105
58 58
76 76
73 73
14 14
79 79
85 85
54 54
8 8
81 81
68 68
9 9
92 92
69 69
47 47
62 62
19 19
15 15
42 42
38 38
32 32
60 60
94 94
91 91
57 57
63 63
31 31
64 64
25 25
33 33
97 97
74 74
80 80
