132 66
123 123
52 52
119 119
12 12
130 130
35 35
60 60
104 104
89 89
11 11
28 28
92 92
14 14
100 100
70 70
31 31
41 41
131 131
74 74
47 47
101 101
67 67
80 80
65 65
48 48
124 124
37 37
112 112
42 42
3 3
4 4
88 88
61 61
77 77
96 96
27 27
90 90
36 36
57 57
87 87
94 94
30 30
108 108
115 115
15 15
34 34
86 86
105 105
132 132
103 103
25 25
120 120
21 21
128 128
1 1
58 58
98 98
85 85
129 129
121 121
102 102
76 76
19 19
9 9
93 93
38 38
110 110
24 24
10 10
107 107
54 54
33 33
43 43
23 23
17 17
49 49
55 55
18 18
46 46
113 113
59 59
53 53
126 126
44 44
106 106
64 64
16 16
84 84
56 56
75 75
8 8
2 2
95 95
68 68
22 22
40 40
45 45
116 116
125 125
72 72
118 118
127 127
62 62
66 66
82 82
111 111
117 117
78 78
29 29
109 109
71 71
83 83
99 99
20 20
39 39
91 91
6 6
69 69
51 51
81 81
26 26
50 50
122 122
7 7
73 73
32 32
79 79
97 97
63 63
13 13
114 114
5 5
