90 45
3 3
90 90
60 60
53 53
84 84
89 89
87 87
11 11
63 63
82 82
35 35
23 23
10 10
14 14
86 86
19 19
54 54
57 57
46 46
17 17
33 33
15 15
26 26
25 25
59 59
16 16
37 37
48 48
24 24
41 41
75 75
50 50
62 62
66 66
1 1
44 44
43 43
27 27
61 61
36 36
38 38
9 9
65 65
68 68
56 56
49 49
72 72
13 13
31 31
20 20
12 12
51 51
64 64
78 78
8 8
70 70
30 30
40 40
7 7
67 67
47 47
52 52
32 32
74 74
71 71
73 73
79 79
55 55
6 6
81 81
88 88
77 77
5 5
69 69
2 2
21 21
34 34
29 29
45 45
85 85
22 22
42 42
4 4
28 28
58 58
39 39
80 80
83 83
76 76
18 18
