169 84
19 19
151 151
106 106
69 69
77 77
52 52
55 55
8 8
28 28
71 71
135 135
96 96
60 60
168 168
90 90
65 65
94 94
86 86
154 154
54 54
34 34
15 15
20 20
5 5
58 58
148 148
125 125
18 18
116 116
27 27
33 33
162 162
1 1
124 124
153 153
79 79
68 68
74 74
84 84
138 138
67 67
165 165
160 160
14 14
159 159
93 93
107 107
143 143
29 29
87 87
63 63
134 134
136 136
152 152
21 21
50 50
147 147
127 127
13 13
44 44
62 62
41 41
103 103
45 45
12 12
4 4
126 126
32 32
57 57
35 35
73 73
110 110
104 104
120 120
146 146
3 3
22 22
163 163
42 42
46 46
140 140
100 100
141 141
105 105
95 95
123 123
102 102
155 155
166 166
129 129
117 117
113 113
66 66
26 26
118 118
2 2
167 167
11 11
157 157
53 53
112 112
16 16
78 78
109 109
82 82
38 38
139 139
43 43
36 36
119 119
37 37
48 48
80 80
51 51
81 81
132 132
108 108
121 121
111 111
164 164
10 10
161 161
131 131
169 169
97 97
61 61
156 156
128 128
64 64
144 144
158 158
133 133
115 115
99 99
49 49
9 9
31 31
7 7
72 72
25 25
39 39
149 149
56 56
98 98
91 91
114 114
70 70
85 85
88 88
23 23
40 40
142 142
30 30
101 101
145 145
47 47
122 122
76 76
24 24
150 150
59 59
89 89
137 137
130 130
75 75
83 83
92 92
17 17
6 6
