113 56
56 56
47 47
70 70
99 99
67 67
60 60
87 87
91 91
103 103
30 30
83 83
35 35
75 75
111 111
96 96
94 94
23 23
106 106
52 52
19 19
4 4
26 26
27 27
76 76
32 32
64 64
15 15
78 78
3 3
16 16
18 18
2 2
110 110
66 66
48 48
113 113
6 6
71 71
104 104
57 57
108 108
85 85
98 98
7 7
17 17
82 82
80 80
51 51
69 69
24 24
11 11
13 13
39 39
59 59
79 79
84 84
93 93
37 37
43 43
12 12
65 65
10 10
50 50
34 34
1 1
97 97
74 74
107 107
46 46
77 77
101 101
38 38
100 100
44 44
14 14
68 68
53 53
41 41
81 81
61 61
102 102
8 8
62 62
63 63
28 28
31 31
105 105
45 45
42 42
89 89
109 109
95 95
112 112
36 36
55 55
5 5
29 29
9 9
73 73
92 92
33 33
54 54
40 40
90 90
49 49
22 22
86 86
88 88
20 20
21 21
25 25
58 58
72 72
