179 89
26 26
118 118
124 124
86 86
101 101
164 164
47 47
98 98
7 7
94 94
60 60
143 143
152 152
54 54
20 20
126 126
134 134
137 137
42 42
127 127
33 33
4 4
112 112
17 17
9 9
165 165
82 82
39 39
171 171
61 61
63 63
123 123
62 62
84 84
46 46
58 58
122 122
128 128
103 103
77 77
12 12
59 59
138 138
159 159
76 76
75 75
73 73
121 121
31 31
66 66
110 110
161 161
107 107
3 3
132 132
24 24
154 154
95 95
130 130
37 37
144 144
36 36
27 27
108 108
177 177
55 55
111 111
28 28
146 146
109 109
141 141
113 113
43 43
117 117
174 174
30 30
48 48
2 2
162 162
166 166
57 57
1 1
167 167
65 65
114 114
45 45
147 147
136 136
8 8
119 119
5 5
157 157
129 129
87 87
163 163
41 41
71 71
35 35
23 23
83 83
104 104
80 80
96 96
64 64
100 100
13 13
52 52
25 25
140 140
79 79
67 67
10 10
155 155
106 106
116 116
131 131
125 125
18 18
173 173
156 156
176 176
179 179
6 6
150 150
102 102
85 85
19 19
175 175
88 88
105 105
90 90
148 148
120 120
115 115
169 169
81 81
91 91
178 178
49 49
168 168
97 97
99 99
145 145
142 142
149 149
135 135
21 21
11 11
40 40
34 34
151 151
139 139
15 15
170 170
74 74
69 69
44 44
72 72
56 56
32 32
78 78
153 153
172 172
93 93
70 70
133 133
89 89
160 160
51 51
38 38
50 50
16 16
22 22
29 29
68 68
158 158
14 14
53 53
92 92
