171 85
71 71
167 167
138 138
108 108
151 151
130 130
101 101
77 77
91 91
104 104
126 126
157 157
27 27
11 11
65 65
86 86
47 47
76 76
42 42
164 164
156 156
161 161
60 60
166 166
80 80
114 114
152 152
162 162
109 109
139 139
163 163
107 107
147 147
13 13
8 8
143 143
39 39
74 74
21 21
136 136
137 137
96 96
87 87
97 97
113 113
15 15
50 50
9 9
53 53
73 73
125 125
123 123
38 38
41 41
129 129
159 159
93 93
24 24
121 121
84 84
79 79
153 153
32 32
56 56
55 55
154 154
5 5
66 66
7 7
134 134
170 170
14 14
58 58
116 116
115 115
133 133
146 146
10 10
128 128
168 168
92 92
30 30
111 111
20 20
120 120
44 44
68 68
132 132
110 110
165 165
78 78
54 54
72 72
99 99
118 118
155 155
59 59
3 3
131 131
12 12
144 144
100 100
105 105
23 23
26 26
82 82
34 34
117 117
90 90
40 40
70 70
103 103
4 4
19 19
64 64
67 67
142 142
36 36
43 43
148 148
69 69
48 48
31 31
16 16
2 2
75 75
51 51
112 112
94 94
45 45
135 135
25 25
28 28
124 124
62 62
140 140
37 37
17 17
106 106
85 85
61 61
52 52
89 89
22 22
57 57
171 171
83 83
46 46
81 81
35 35
6 6
122 122
29 29
169 169
49 49
145 145
127 127
95 95
160 160
149 149
33 33
102 102
98 98
88 88
141 141
158 158
150 150
63 63
1 1
119 119
18 18
