163 81
142 142
62 62
55 55
106 106
123 123
104 104
50 50
37 37
33 33
47 47
107 107
92 92
125 125
113 113
59 59
122 122
48 48
131 131
145 145
38 38
42 42
23 23
109 109
71 71
88 88
127 127
16 16
99 99
58 58
143 143
103 103
128 128
97 97
75 75
65 65
159 159
57 57
158 158
101 101
7 7
17 17
153 153
79 79
110 110
146 146
84 84
35 35
117 117
126 126
135 135
74 74
81 81
4 4
161 161
124 124
14 14
22 22
13 13
137 137
87 87
112 112
163 163
149 149
80 80
26 26
41 41
156 156
61 61
2 2
133 133
86 86
8 8
45 45
5 5
108 108
19 19
34 34
139 139
32 32
77 77
119 119
136 136
11 11
66 66
40 40
53 53
1 1
94 94
148 148
96 96
15 15
121 121
129 129
67 67
60 60
83 83
141 141
138 138
93 93
43 43
102 102
21 21
27 27
25 25
111 111
85 85
10 10
44 44
160 160
73 73
28 28
31 31
64 64
52 52
36 36
24 24
49 49
157 157
9 9
29 29
132 132
151 151
130 130
98 98
116 116
155 155
90 90
78 78
147 147
115 115
105 105
68 68
89 89
70 70
114 114
118 118
51 51
6 6
20 20
134 134
30 30
54 54
82 82
56 56
39 39
100 100
12 12
3 3
140 140
76 76
63 63
154 154
152 152
91 91
95 95
46 46
150 150
18 18
69 69
72 72
162 162
120 120
144 144
