140 70
40 40
32 32
48 48
26 26
119 119
93 93
2 2
130 130
88 88
120 120
116 116
84 84
82 82
121 121
105 105
33 33
35 35
38 38
114 114
3 3
56 56
80 80
126 126
41 41
9 9
78 78
123 123
42 42
61 61
97 97
109 109
128 128
125 125
16 16
139 139
27 27
66 66
110 110
46 46
101 101
23 23
34 34
5 5
113 113
127 127
59 59
138 138
22 22
94 94
102 102
20 20
133 133
111 111
104 104
37 37
108 108
7 7
53 53
107 107
52 52
8 8
18 18
49 49
77 77
17 17
30 30
122 122
135 135
117 117
74 74
131 131
73 73
72 72
98 98
39 39
99 99
6 6
75 75
132 132
24 24
31 31
83 83
69 69
45 45
67 67
115 115
47 47
118 118
106 106
91 91
95 95
137 137
1 1
65 65
51 51
50 50
4 4
79 79
44 44
58 58
103 103
87 87
70 70
112 112
55 55
86 86
89 89
129 129
60 60
134 134
81 81
15 15
68 68
100 100
85 85
57 57
124 124
14 14
92 92
90 90
63 63
96 96
140 140
71 71
19 19
136 136
28 28
62 62
11 11
54 54
21 21
76 76
12 12
13 13
43 43
36 36
29 29
64 64
10 10
25 25
