126 63
124 124
38 38
68 68
32 32
36 36
8 8
54 54
22 22
42 42
49 49
56 56
18 18
86 86
102 102
70 70
80 80
111 111
51 51
9 9
10 10
72 72
110 110
39 39
77 77
71 71
109 109
27 27
84 84
88 88
73 73
93 93
66 66
48 48
104 104
74 74
3 3
11 11
59 59
103 103
101 101
96 96
31 31
23 23
100 100
85 85
90 90
26 26
69 69
115 115
16 16
53 53
30 30
64 64
4 4
76 76
52 52
99 99
45 45
20 20
82 82
87 87
12 12
40 40
29 29
62 62
63 63
24 24
17 17
65 65
118 118
25 25
113 113
15 15
81 81
120 120
112 112
19 19
79 79
58 58
43 43
60 60
61 61
107 107
116 116
37 37
121 121
75 75
67 67
97 97
2 2
47 47
105 105
57 57
1 1
83 83
122 122
41 41
6 6
55 55
89 89
28 28
126 126
123 123
46 46
7 7
119 119
108 108
14 14
78 78
92 92
98 98
13 13
125 125
95 95
44 44
91 91
21 21
33 33
50 50
114 114
117 117
34 34
94 94
106 106
35 35
5 5
