108 54
63 63
89 89
43 43
78 78
61 61
104 104
35 35
82 82
90 90
15 15
73 73
48 48
46 46
71 71
1 1
45 45
80 80
95 95
24 24
28 28
105 105
55 55
51 51
59 59
14 14
18 18
40 40
76 76
12 12
38 38
49 49
26 26
25 25
86 86
39 39
30 30
84 84
85 85
77 77
6 6
106 106
2 2
83 83
96 96
67 67
53 53
98 98
54 54
69 69
56 56
7 7
8 8
79 79
99 99
47 47
58 58
34 34
23 23
11 11
101 101
81 81
27 27
74 74
70 70
10 10
102 102
16 16
36 36
32 32
21 21
97 97
37 37
65 65
60 60
41 41
29 29
108 108
5 5
103 103
22 22
50 50
93 93
44 44
66 66
33 33
91 91
17 17
72 72
4 4
100 100
19 19
75 75
42 42
107 107
88 88
20 20
92 92
94 94
68 68
31 31
64 64
57 57
62 62
3 3
13 13
87 87
52 52
9 9
