158 79
58 58
84 84
76 76
139 139
134 134
41 41
104 104
43 43
157 157
18 18
99 99
62 62
28 28
152 152
20 20
46 46
25 25
156 156
1 1
94 94
132 132
113 113
116 116
153 153
92 92
36 36
130 130
32 32
133 133
16 16
15 15
23 23
83 83
29 29
125 125
50 50
105 105
89 89
31 31
40 40
34 34
39 39
112 112
111 111
37 37
129 129
147 147
4 4
35 35
101 101
79 79
57 57
120 120
150 150
27 27
96 96
7 7
69 69
90 90
121 121
138 138
149 149
114 114
146 146
22 22
2 2
118 118
98 98
119 119
85 85
86 86
106 106
95 95
12 12
24 24
143 143
21 21
155 155
117 117
11 11
128 128
51 51
53 53
140 140
30 30
54 54
144 144
65 65
42 42
26 26
52 52
68 68
102 102
103 103
148 148
71 71
145 145
66 66
141 141
107 107
59 59
137 137
9 9
115 115
6 6
38 38
13 13
60 60
49 49
78 78
109 109
158 158
55 55
110 110
70 70
127 127
77 77
142 142
14 14
73 73
63 63
123 123
33 33
136 136
17 17
93 93
10 10
124 124
47 47
72 72
44 44
135 135
126 126
87 87
45 45
151 151
64 64
154 154
19 19
108 108
97 97
122 122
88 88
75 75
91 91
100 100
82 82
67 67
56 56
131 131
48 48
3 3
80 80
81 81
8 8
74 74
5 5
61 61
