129 64
129 129
115 115
62 62
42 42
70 70
60 60
74 74
127 127
94 94
88 88
28 28
16 16
46 46
44 44
59 59
92 92
49 49
117 117
25 25
24 24
76 76
120 120
48 48
84 84
72 72
39 39
17 17
36 36
71 71
126 126
1 1
73 73
35 35
98 98
97 97
29 29
85 85
83 83
33 33
110 110
96 96
3 3
12 12
23 23
93 93
52 52
38 38
77 77
56 56
66 66
112 112
15 15
43 43
7 7
53 53
19 19
122 122
20 20
75 75
99 99
6 6
100 100
104 104
89 89
54 54
78 78
109 109
58 58
8 8
108 108
119 119
37 37
102 102
123 123
125 125
11 11
57 57
27 27
18 18
2 2
47 47
81 81
4 4
111 111
21 21
13 13
87 87
95 95
116 116
61 61
10 10
45 45
32 32
55 55
82 82
64 64
106 106
63 63
31 31
69 69
79 79
128 128
86 86
124 124
105 105
90 90
26 26
68 68
113 113
121 121
14 14
22 22
65 65
9 9
80 80
40 40
101 101
41 41
50 50
30 30
51 51
107 107
67 67
5 5
118 118
91 91
114 114
34 34
103 103
