144 72
57 57
116 116
120 120
42 42
89 89
117 117
109 109
2 2
135 135
88 88
122 122
82 82
38 38
90 90
100 100
7 7
107 107
26 26
127 127
111 111
86 86
27 27
93 93
106 106
140 140
20 20
91 91
132 132
76 76
65 65
19 19
48 48
85 85
87 87
28 28
24 24
98 98
74 74
49 49
80 80
44 44
60 60
16 16
121 121
139 139
66 66
47 47
104 104
144 144
56 56
31 31
123 123
13 13
129 129
17 17
23 23
40 40
133 133
54 54
99 99
142 142
64 64
25 25
9 9
138 138
81 81
14 14
39 39
12 12
101 101
29 29
134 134
6 6
72 72
15 15
131 131
11 11
119 119
78 78
95 95
35 35
62 62
103 103
30 30
52 52
59 59
77 77
94 94
84 84
37 37
63 63
36 36
79 79
126 126
10 10
73 73
3 3
128 128
102 102
92 92
4 4
22 22
43 43
58 58
51 51
5 5
50 50
130 130
143 143
21 21
1 1
70 70
46 46
75 75
141 141
114 114
69 69
124 124
67 67
41 41
110 110
97 97
71 71
34 34
137 137
18 18
105 105
61 61
118 118
53 53
33 33
108 108
55 55
8 8
45 45
83 83
136 136
125 125
112 112
96 96
115 115
68 68
32 32
113 113
