100 50
34 34
44 44
74 74
65 65
35 35
38 38
16 16
55 55
75 75
4 4
10 10
91 91
72 72
98 98
30 30
22 22
70 70
78 78
100 100
64 64
46 46
37 37
90 90
80 80
21 21
66 66
76 76
47 47
25 25
69 69
79 79
42 42
94 94
58 58
26 26
85 85
92 92
19 19
51 51
9 9
17 17
28 28
40 40
99 99
36 36
11 11
53 53
24 24
15 15
96 96
7 7
77 77
48 48
41 41
13 13
29 29
5 5
81 81
71 71
8 8
27 27
43 43
83 83
97 97
45 45
84 84
2 2
49 49
1 1
56 56
87 87
82 82
18 18
31 31
52 52
32 32
68 68
20 20
86 86
88 88
60 60
67 67
89 89
39 39
59 59
95 95
33 33
12 12
3 3
73 73
54 54
62 62
93 93
57 57
14 14
63 63
23 23
6 6
50 50
61 61
