183 91
70 70
104 104
178 178
51 51
53 53
64 64
42 42
167 167
160 160
120 120
39 39
91 91
171 171
80 80
116 116
24 24
45 45
119 119
141 141
8 8
77 77
155 155
182 182
99 99
114 114
115 115
79 79
96 96
30 30
175 175
47 47
11 11
111 111
100 100
6 6
153 153
107 107
140 140
118 118
179 179
102 102
170 170
44 44
127 127
17 17
110 110
138 138
38 38
43 43
14 14
113 113
134 134
164 164
56 56
151 151
154 154
10 10
139 139
52 52
148 148
180 180
147 147
7 7
60 60
35 35
149 149
87 87
112 112
92 92
101 101
177 177
137 137
105 105
21 21
23 23
158 158
55 55
103 103
84 84
126 126
3 3
166 166
95 95
128 128
4 4
133 133
31 31
162 162
49 49
20 20
159 159
106 106
163 163
176 176
69 69
50 50
169 169
130 130
109 109
57 57
33 33
135 135
125 125
83 83
48 48
40 40
129 129
66 66
136 136
72 72
143 143
173 173
181 181
142 142
58 58
28 28
121 121
18 18
16 16
12 12
93 93
62 62
168 168
85 85
46 46
161 161
98 98
88 88
59 59
108 108
15 15
146 146
32 32
9 9
89 89
150 150
174 174
13 13
145 145
78 78
37 37
29 29
76 76
25 25
19 19
1 1
94 94
67 67
54 54
157 157
132 132
86 86
172 172
61 61
22 22
63 63
65 65
152 152
73 73
34 34
156 156
82 82
74 74
144 144
122 122
27 27
81 81
41 41
124 124
165 165
26 26
90 90
71 71
123 123
5 5
97 97
117 117
131 131
68 68
75 75
2 2
183 183
36 36
