122 61
109 109
70 70
77 77
54 54
99 99
75 75
74 74
12 12
76 76
3 3
9 9
120 120
68 68
64 64
57 57
117 117
58 58
23 23
31 31
56 56
72 72
60 60
71 71
51 51
34 34
18 18
25 25
35 35
49 49
15 15
61 61
116 116
106 106
81 81
90 90
82 82
6 6
100 100
46 46
115 115
67 67
65 65
105 105
24 24
85 85
59 59
97 97
27 27
7 7
22 22
91 91
21 21
69 69
26 26
19 19
11 11
55 55
121 121
83 83
30 30
113 113
94 94
119 119
38 38
45 45
4 4
17 17
101 101
95 95
47 47
88 88
87 87
78 78
32 32
13 13
104 104
33 33
96 96
41 41
29 29
89 89
8 8
16 16
28 28
43 43
102 102
40 40
110 110
103 103
84 84
114 114
37 37
73 73
62 62
53 53
39 39
42 42
48 48
5 5
50 50
108 108
66 66
36 36
86 86
63 63
122 122
20 20
79 79
52 52
1 1
107 107
80 80
112 112
10 10
44 44
14 14
111 111
2 2
118 118
92 92
93 93
98 98
