104 52
30 30
33 33
83 83
92 92
85 85
65 65
82 82
99 99
14 14
9 9
63 63
24 24
2 2
74 74
1 1
39 39
52 52
62 62
76 76
19 19
29 29
6 6
78 78
40 40
96 96
84 84
44 44
104 104
15 15
46 46
36 36
98 98
7 7
60 60
28 28
87 87
48 48
66 66
72 72
26 26
22 22
75 75
79 79
10 10
59 59
57 57
16 16
49 49
18 18
13 13
73 73
56 56
12 12
25 25
64 64
43 43
101 101
31 31
91 91
27 27
67 67
93 93
34 34
68 68
69 69
70 70
45 45
97 97
20 20
61 61
41 41
55 55
58 58
94 94
32 32
71 71
86 86
11 11
42 42
23 23
89 89
95 95
38 38
80 80
53 53
47 47
103 103
17 17
21 21
35 35
51 51
90 90
88 88
81 81
37 37
77 77
4 4
50 50
8 8
5 5
54 54
102 102
100 100
3 3
