2200 0
168 168 
 85 85 
 155 155 
 172 172 
 24 24 
 104 104 
 2 2 
 107 107 
 5 5 
 47 47 
 71 71 
 88 88 
 18 18 
 112 112 
 110 110 
 46 46 
 189 189 
 92 92 
 69 69 
 129 129 
 119 119 
 151 151 
 196 196 
 177 177 
 45 45 
 140 140 
 182 182 
 150 150 
 157 157 
 99 99 
 141 141 
 36 36 
 184 184 
 48 48 
 32 32 
 93 93 
 178 178 
 199 199 
 13 13 
 137 137 
 113 113 
 10 10 
 74 74 
 52 52 
 166 166 
 124 124 
 8 8 
 82 82 
 42 42 
 78 78 
 95 95 
 28 28 
 188 188 
 58 58 
 70 70 
 130 130 
 146 146 
 96 96 
 169 169 
 38 38 
 40 40 
 185 185 
 136 136 
 144 144 
 81 81 
 156 156 
 27 27 
 109 109 
 101 101 
 111 111 
 191 191 
 132 132 
 171 171 
 122 122 
 103 103 
 162 162 
 173 173 
 114 114 
 61 61 
 123 123 
 90 90 
 4 4 
 176 176 
 59 59 
 187 187 
 29 29 
 55 55 
 139 139 
 14 14 
 62 62 
 163 163 
 97 97 
 1 1 
 147 147 
 64 64 
 22 22 
 37 37 
 127 127 
 11 11 
 135 135 
 26 26 
 44 44 
 72 72 
 31 31 
 108 108 
 197 197 
 57 57 
 190 190 
 25 25 
 102 102 
 50 50 
 128 128 
 120 120 
 76 76 
 53 53 
 80 80 
 116 116 
 153 153 
 142 142 
 9 9 
 175 175 
 193 193 
 138 138 
 160 160 
 16 16 
 170 170 
 67 67 
 73 73 
 152 152 
 180 180 
 23 23 
 66 66 
 195 195 
 165 165 
 60 60 
 159 159 
 131 131 
 117 117 
 35 35 
 192 192 
 133 133 
 7 7 
 105 105 
 91 91 
 115 115 
 49 49 
 87 87 
 106 106 
 33 33 
 65 65 
 167 167 
 98 98 
 63 63 
 154 154 
 34 34 
 56 56 
 86 86 
 121 121 
 43 43 
 118 118 
 30 30 
 3 3 
 145 145 
 12 12 
 17 17 
 83 83 
 54 54 
 39 39 
 75 75 
 20 20 
 15 15 
 179 179 
 134 134 
 174 174 
 51 51 
 186 186 
 194 194 
 100 100 
 6 6 
 19 19 
 164 164 
 125 125 
 126 126 
 200 200 
 181 181 
 79 79 
 21 21 
 198 198 
 148 148 
 94 94 
 84 84 
 89 89 
 149 149 
 158 158 
 77 77 
 143 143 
 41 41 
 68 68 
 183 183 
 161 161 
 1 2 
 1 2 
 1 2 
 1 2 
 1 2 
 1 2 
 1 2 
 1 2 
 1 2 
 1 2 
 1 2 
 1 2 
 1 2 
 1 2 
 1 2 
 1 2 
 1 2 
 1 2 
 1 2 
 1 2 
 1 2 
 1 2 
 1 2 
 1 2 
 1 2 
 1 2 
 1 2 
 1 2 
 1 2 
 1 2 
 1 2 
 1 2 
 1 2 
 1 2 
 1 2 
 1 2 
 1 2 
 1 2 
 1 2 
 1 2 
 1 2 
 1 2 
 1 2 
 1 2 
 1 2 
 1 2 
 1 2 
 1 2 
 1 2 
 1 2 
 1 2 
 1 2 
 1 2 
 1 2 
 1 2 
 1 2 
 1 2 
 1 2 
 1 2 
 1 2 
 1 2 
 1 2 
 1 2 
 1 2 
 1 2 
 1 2 
 1 2 
 1 2 
 1 2 
 1 2 
 1 2 
 1 2 
 1 2 
 1 2 
 1 2 
 1 2 
 1 2 
 1 2 
 1 2 
 1 2 
 1 2 
 1 2 
 1 2 
 1 2 
 1 2 
 1 2 
 1 2 
 1 2 
 1 2 
 1 2 
 1 2 
 1 2 
 1 2 
 1 2 
 1 2 
 1 2 
 1 2 
 1 2 
 1 2 
 1 2 
 1 2 
 1 2 
 1 2 
 1 2 
 1 2 
 1 2 
 1 2 
 1 2 
 1 2 
 1 2 
 1 2 
 1 2 
 1 2 
 1 2 
 1 2 
 1 2 
 1 2 
 1 2 
 1 2 
 1 2 
 1 2 
 1 2 
 1 2 
 1 2 
 1 2 
 1 2 
 1 2 
 1 2 
 1 2 
 1 2 
 1 2 
 1 2 
 1 2 
 1 2 
 1 2 
 1 2 
 1 2 
 1 2 
 1 2 
 1 2 
 1 2 
 1 2 
 1 2 
 1 2 
 1 2 
 1 2 
 1 2 
 1 2 
 1 2 
 1 2 
 1 2 
 1 2 
 1 2 
 1 2 
 1 2 
 1 2 
 1 2 
 1 2 
 1 2 
 1 2 
 1 2 
 1 2 
 1 2 
 1 2 
 1 2 
 1 2 
 1 2 
 1 2 
 1 2 
 1 2 
 1 2 
 1 2 
 1 2 
 1 2 
 1 2 
 1 2 
 1 2 
 1 2 
 1 2 
 1 2 
 1 2 
 1 2 
 1 2 
 1 2 
 1 2 
 1 2 
 1 2 
 1 2 
 1 2 
 1 2 
 1 2 
 1 2 
 1 2 
 1 2 
 1 2 
 1 2 
 1 2 
 1 2 
 1 2 
 1 2 
 1 2 
 1 2 
 1 2 
 1 2 
 1 2 
 1 2 
 1 2 
 1 2 
 1 2 
 1 2 
 1 2 
 1 2 
 1 2 
 1 2 
 1 2 
 1 2 
 1 2 
 1 2 
 1 2 
 1 2 
 1 2 
 1 2 
 1 2 
 1 2 
 1 2 
 1 2 
 1 2 
 1 2 
 1 2 
 1 2 
 1 2 
 1 2 
 1 2 
 1 2 
 1 2 
 1 2 
 1 2 
 1 2 
 1 2 
 1 2 
 1 2 
 1 2 
 1 2 
 1 2 
 1 2 
 1 2 
 1 2 
 1 2 
 1 2 
 1 2 
 1 2 
 1 2 
 1 2 
 1 2 
 1 2 
 1 2 
 1 2 
 1 2 
 1 2 
 1 2 
 1 2 
 1 2 
 1 2 
 1 2 
 1 2 
 1 2 
 1 2 
 1 2 
 1 2 
 1 2 
 1 2 
 1 2 
 1 2 
 1 2 
 1 2 
 1 2 
 1 2 
 1 2 
 1 2 
 1 2 
 1 2 
 1 2 
 1 2 
 1 2 
 1 2 
 1 2 
 1 2 
 1 2 
 1 2 
 1 2 
 1 2 
 1 2 
 1 2 
 1 2 
 1 2 
 1 2 
 1 2 
 1 2 
 1 2 
 1 2 
 1 2 
 1 2 
 1 2 
 1 2 
 1 2 
 1 2 
 1 2 
 1 2 
 1 2 
 1 2 
 1 2 
 1 2 
 1 2 
 1 2 
 1 2 
 1 2 
 1 2 
 1 2 
 1 2 
 1 2 
 1 2 
 1 2 
 1 2 
 1 2 
 1 2 
 1 2 
 1 2 
 1 2 
 1 2 
 1 2 
 1 2 
 1 2 
 1 2 
 1 2 
 1 2 
 1 2 
 1 2 
 1 2 
 1 2 
 1 2 
 1 2 
 1 2 
 1 2 
 1 2 
 1 2 
 1 2 
 1 2 
 1 2 
 1 2 
 1 2 
 1 2 
 1 2 
 1 2 
 1 2 
 1 2 
 1 2 
 1 2 
 1 2 
 1 2 
 1 2 
 1 2 
 1 2 
 1 2 
 1 2 
 1 2 
 1 2 
 1 2 
 1 2 
 1 2 
 1 2 
 1 2 
 1 2 
 1 2 
 1 2 
 1 2 
 1 2 
 1 2 
 1 2 
 1 2 
 1 2 
 1 2 
 1 2 
 1 2 
 1 2 
 1 2 
 1 2 
 1 2 
 1 2 
 1 2 
 1 2 
 1 2 
 1 2 
 1 2 
 1 2 
 1 2 
 1 2 
 1 2 
 1 2 
 1 2 
 1 2 
 1 2 
 1 2 
 1 2 
 1 2 
 1 2 
 1 2 
 1 2 
 1 2 
 1 2 
 1 2 
 1 2 
 1 2 
 1 2 
 1 2 
 1 2 
 1 2 
 1 2 
 1 2 
 1 2 
 1 2 
 1 2 
 1 2 
 1 2 
 1 2 
 1 2 
 1 2 
 1 2 
 1 2 
 1 2 
 1 2 
 1 2 
 1 2 
 1 2 
 1 2 
 1 2 
 1 2 
 1 2 
 1 2 
 1 2 
 1 2 
 1 2 
 1 2 
 1 2 
 1 2 
 1 2 
 1 2 
 1 2 
 1 2 
 1 2 
 1 2 
 1 2 
 1 2 
 1 2 
 1 2 
 1 2 
 1 2 
 1 2 
 1 2 
 1 2 
 1 2 
 1 2 
 1 2 
 1 2 
 1 2 
 1 2 
 1 2 
 1 2 
 1 2 
 1 2 
 1 2 
 1 2 
 1 2 
 1 2 
 1 2 
 1 2 
 1 2 
 1 2 
 1 2 
 1 2 
 1 2 
 1 2 
 1 2 
 1 2 
 1 2 
 1 2 
 1 2 
 1 2 
 1 2 
 1 2 
 1 2 
 1 2 
 1 2 
 1 2 
 1 2 
 1 2 
 1 2 
 1 2 
 1 2 
 1 2 
 1 2 
 1 2 
 1 2 
 1 2 
 1 2 
 1 2 
 1 2 
 1 2 
 1 2 
 1 2 
 1 2 
 1 2 
 1 2 
 1 2 
 1 2 
 1 2 
 1 2 
 1 2 
 1 2 
 1 2 
 1 2 
 1 2 
 1 2 
 1 2 
 1 2 
 1 2 
 1 2 
 1 2 
 1 2 
 1 2 
 1 2 
 1 2 
 1 2 
 1 2 
 1 2 
 1 2 
 1 2 
 1 2 
 1 2 
 1 2 
 1 2 
 1 2 
 1 2 
 1 2 
 1 2 
 1 2 
 1 2 
 1 2 
 1 2 
 1 2 
 1 2 
 1 2 
 1 2 
 1 2 
 1 2 
 1 2 
 1 2 
 1 2 
 1 2 
 1 2 
 1 2 
 1 2 
 1 2 
 1 2 
 1 2 
 1 2 
 1 2 
 1 2 
 1 2 
 1 2 
 1 2 
 1 2 
 1 2 
 1 2 
 1 2 
 1 2 
 1 2 
 1 2 
 1 2 
 1 2 
 1 2 
 1 2 
 1 2 
 1 2 
 1 2 
 1 2 
 1 2 
 1 2 
 1 2 
 1 2 
 1 2 
 1 2 
 1 2 
 1 2 
 1 2 
 1 2 
 1 2 
 1 2 
 1 2 
 1 2 
 1 2 
 1 2 
 1 2 
 1 2 
 1 2 
 1 2 
 1 2 
 1 2 
 1 2 
 1 2 
 1 2 
 1 2 
 1 2 
 1 2 
 1 2 
 1 2 
 1 2 
 1 2 
 1 2 
 1 2 
 1 2 
 1 2 
 1 2 
 1 2 
 1 2 
 1 2 
 1 2 
 1 2 
 1 2 
 1 2 
 1 2 
 1 2 
 1 2 
 1 2 
 1 2 
 1 2 
 1 2 
 1 2 
 1 2 
 1 2 
 1 2 
 1 2 
 1 2 
 1 2 
 1 2 
 1 2 
 1 2 
 1 2 
 1 2 
 1 2 
 1 2 
 1 2 
 1 2 
 1 2 
 1 2 
 1 2 
 1 2 
 1 2 
 1 2 
 1 2 
 1 2 
 1 2 
 1 2 
 1 2 
 1 2 
 1 2 
 1 2 
 1 2 
 1 2 
 1 2 
 1 2 
 1 2 
 1 2 
 1 2 
 1 2 
 1 2 
 1 2 
 1 2 
 1 2 
 1 2 
 1 2 
 1 2 
 1 2 
 1 2 
 1 2 
 1 2 
 1 2 
 1 2 
 1 2 
 1 2 
 1 2 
 1 2 
 1 2 
 1 2 
 1 2 
 1 2 
 1 2 
 1 2 
 1 2 
 1 2 
 1 2 
 1 2 
 1 2 
 1 2 
 1 2 
 1 2 
 1 2 
 1 2 
 1 2 
 1 2 
 1 2 
 1 2 
 1 2 
 1 2 
 1 2 
 1 2 
 1 2 
 1 2 
 1 2 
 1 2 
 1 2 
 1 2 
 1 2 
 1 2 
 1 2 
 1 2 
 1 2 
 1 2 
 1 2 
 1 2 
 1 2 
 1 2 
 1 2 
 1 2 
 1 2 
 1 2 
 1 2 
 1 2 
 1 2 
 1 2 
 1 2 
 1 2 
 1 2 
 1 2 
 1 2 
 1 2 
 1 2 
 1 2 
 1 2 
 1 2 
 1 2 
 1 2 
 1 2 
 1 2 
 1 2 
 1 2 
 1 2 
 1 2 
 1 2 
 1 2 
 1 2 
 1 2 
 1 2 
 1 2 
 1 2 
 1 2 
 1 2 
 1 2 
 1 2 
 1 2 
 1 2 
 1 2 
 1 2 
 1 2 
 1 2 
 1 2 
 1 2 
 1 2 
 1 2 
 1 2 
 1 2 
 1 2 
 1 2 
 1 2 
 1 2 
 1 2 
 1 2 
 1 2 
 1 2 
 1 2 
 1 2 
 1 2 
 1 2 
 1 2 
 1 2 
 1 2 
 1 2 
 1 2 
 1 2 
 1 2 
 1 2 
 1 2 
 1 2 
 1 2 
 1 2 
 1 2 
 1 2 
 1 2 
 1 2 
 1 2 
 1 2 
 1 2 
 1 2 
 1 2 
 1 2 
 1 2 
 1 2 
 1 2 
 1 2 
 1 2 
 1 2 
 1 2 
 1 2 
 1 2 
 1 2 
 1 2 
 1 2 
 1 2 
 1 2 
 1 2 
 1 2 
 1 2 
 1 2 
 1 2 
 1 2 
 1 2 
 1 2 
 1 2 
 1 2 
 1 2 
 1 2 
 1 2 
 1 2 
 1 2 
 1 2 
 1 2 
 1 2 
 1 2 
 1 2 
 1 2 
 1 2 
 1 2 
 1 2 
 1 2 
 1 2 
 1 2 
 1 2 
 1 2 
 1 2 
 1 2 
 1 2 
 1 2 
 1 2 
 1 2 
 1 2 
 1 2 
 1 2 
 1 2 
 1 2 
 1 2 
 1 2 
 1 2 
 1 2 
 1 2 
 1 2 
 1 2 
 1 2 
 1 2 
 1 2 
 1 2 
 1 2 
 1 2 
 1 2 
 1 2 
 1 2 
 1 2 
 1 2 
 1 2 
 1 2 
 1 2 
 1 2 
 1 2 
 1 2 
 1 2 
 1 2 
 1 2 
 1 2 
 1 2 
 1 2 
 1 2 
 1 2 
 1 2 
 1 2 
 1 2 
 1 2 
 1 2 
 1 2 
 1 2 
 1 2 
 1 2 
 1 2 
 1 2 
 1 2 
 1 2 
 1 2 
 1 2 
 1 2 
 1 2 
 1 2 
 1 2 
 1 2 
 1 2 
 1 2 
 1 2 
 1 2 
 1 2 
 1 2 
 1 2 
 1 2 
 1 2 
 1 2 
 1 2 
 1 2 
 1 2 
 1 2 
 1 2 
 1 2 
 1 2 
 1 2 
 1 2 
 1 2 
 1 2 
 1 2 
 1 2 
 1 2 
 1 2 
 1 2 
 1 2 
 1 2 
 1 2 
 1 2 
 1 2 
 1 2 
 1 2 
 1 2 
 1 2 
 1 2 
 1 2 
 1 2 
 1 2 
 1 2 
 1 2 
 1 2 
 1 2 
 1 2 
 1 2 
 1 2 
 1 2 
 1 2 
 1 2 
 1 2 
 1 2 
 1 2 
 1 2 
 1 2 
 1 2 
 1 2 
 1 2 
 1 2 
 1 2 
 1 2 
 1 2 
 1 2 
 1 2 
 1 2 
 1 2 
 1 2 
 1 2 
 1 2 
 1 2 
 1 2 
 1 2 
 1 2 
 1 2 
 1 2 
 1 2 
 1 2 
 1 2 
 1 2 
 1 2 
 1 2 
 1 2 
 1 2 
 1 2 
 1 2 
 1 2 
 1 2 
 1 2 
 1 2 
 1 2 
 1 2 
 1 2 
 1 2 
 1 2 
 1 2 
 1 2 
 1 2 
 1 2 
 1 2 
 1 2 
 1 2 
 1 2 
 1 2 
 1 2 
 1 2 
 1 2 
 1 2 
 1 2 
 1 2 
 1 2 
 1 2 
 1 2 
 1 2 
 1 2 
 1 2 
 1 2 
 1 2 
 1 2 
 1 2 
 1 2 
 1 2 
 1 2 
 1 2 
 1 2 
 1 2 
 1 2 
 1 2 
 1 2 
 1 2 
 1 2 
 1 2 
 1 2 
 1 2 
 1 2 
 1 2 
 1 2 
 1 2 
 1 2 
 1 2 
 1 2 
 1 2 
 1 2 
 1 2 
 1 2 
 1 2 
 1 2 
 1 2 
 1 2 
 1 2 
 1 2 
 1 2 
 1 2 
 1 2 
 1 2 
 1 2 
 1 2 
 1 2 
 1 2 
 1 2 
 1 2 
 1 2 
 1 2 
 1 2 
 1 2 
 1 2 
 1 2 
 1 2 
 1 2 
 1 2 
 1 2 
 1 2 
 1 2 
 1 2 
 1 2 
 1 2 
 1 2 
 1 2 
 1 2 
 1 2 
 1 2 
 1 2 
 1 2 
 1 2 
 1 2 
 1 2 
 1 2 
 1 2 
 1 2 
 1 2 
 1 2 
 1 2 
 1 2 
 1 2 
 1 2 
 1 2 
 1 2 
 1 2 
 1 2 
 1 2 
 1 2 
 1 2 
 1 2 
 1 2 
 1 2 
 1 2 
 1 2 
 1 2 
 1 2 
 1 2 
 1 2 
 1 2 
 1 2 
 1 2 
 1 2 
 1 2 
 1 2 
 1 2 
 1 2 
 1 2 
 1 2 
 1 2 
 1 2 
 1 2 
 1 2 
 1 2 
 1 2 
 1 2 
 1 2 
 1 2 
 1 2 
 1 2 
 1 2 
 1 2 
 1 2 
 1 2 
 1 2 
 1 2 
 1 2 
 1 2 
 1 2 
 1 2 
 1 2 
 1 2 
 1 2 
 1 2 
 1 2 
 1 2 
 1 2 
 1 2 
 1 2 
 1 2 
 1 2 
 1 2 
 1 2 
 1 2 
 1 2 
 1 2 
 1 2 
 1 2 
 1 2 
 1 2 
 1 2 
 1 2 
 1 2 
 1 2 
 1 2 
 1 2 
 1 2 
 1 2 
 1 2 
 1 2 
 1 2 
 1 2 
 1 2 
 1 2 
 1 2 
 1 2 
 1 2 
 1 2 
 1 2 
 1 2 
 1 2 
 1 2 
 1 2 
 1 2 
 1 2 
 1 2 
 1 2 
 1 2 
 1 2 
 1 2 
 1 2 
 1 2 
 1 2 
 1 2 
 1 2 
 1 2 
 1 2 
 1 2 
 1 2 
 1 2 
 1 2 
 1 2 
 1 2 
 1 2 
 1 2 
 1 2 
 1 2 
 1 2 
 1 2 
 1 2 
 1 2 
 1 2 
 1 2 
 1 2 
 1 2 
 1 2 
 1 2 
 1 2 
 1 2 
 1 2 
 1 2 
 1 2 
 1 2 
 1 2 
 1 2 
 1 2 
 1 2 
 1 2 
 1 2 
 1 2 
 1 2 
 1 2 
 1 2 
 1 2 
 1 2 
 1 2 
 1 2 
 1 2 
 1 2 
 1 2 
 1 2 
 1 2 
 1 2 
 1 2 
 1 2 
 1 2 
 1 2 
 1 2 
 1 2 
 1 2 
 1 2 
 1 2 
 1 2 
 1 2 
 1 2 
 1 2 
 1 2 
 1 2 
 1 2 
 1 2 
 1 2 
 1 2 
 1 2 
 1 2 
 1 2 
 1 2 
 1 2 
 1 2 
 1 2 
 1 2 
 1 2 
 1 2 
 1 2 
 1 2 
 1 2 
 1 2 
 1 2 
 1 2 
 1 2 
 1 2 
 1 2 
 1 2 
 1 2 
 1 2 
 1 2 
 1 2 
 1 2 
 1 2 
 1 2 
 1 2 
 1 2 
 1 2 
 1 2 
 1 2 
 1 2 
 1 2 
 1 2 
 1 2 
 1 2 
 1 2 
 1 2 
 1 2 
 1 2 
 1 2 
 1 2 
 1 2 
 1 2 
 1 2 
 1 2 
 1 2 
 1 2 
 1 2 
 1 2 
 1 2 
 1 2 
 1 2 
 1 2 
 1 2 
 1 2 
 1 2 
 1 2 
 1 2 
 1 2 
 1 2 
 1 2 
 1 2 
 1 2 
 1 2 
 1 2 
 1 2 
 1 2 
 1 2 
 1 2 
 1 2 
 1 2 
 1 2 
 1 2 
 1 2 
 1 2 
 1 2 
 1 2 
 1 2 
 1 2 
 1 2 
 1 2 
 1 2 
 1 2 
 1 2 
 1 2 
 1 2 
 1 2 
 1 2 
 1 2 
 1 2 
 1 2 
 1 2 
 1 2 
 1 2 
 1 2 
 1 2 
 1 2 
 1 2 
 1 2 
 1 2 
 1 2 
 1 2 
 1 2 
 1 2 
 1 2 
 1 2 
 1 2 
 1 2 
 1 2 
 1 2 
 1 2 
 1 2 
 1 2 
 1 2 
 1 2 
 1 2 
 1 2 
 1 2 
 1 2 
 1 2 
 1 2 
 1 2 
 1 2 
 1 2 
 1 2 
 1 2 
 1 2 
 1 2 
 1 2 
 1 2 
 1 2 
 1 2 
 1 2 
 1 2 
 1 2 
 1 2 
 1 2 
 1 2 
 1 2 
 1 2 
 1 2 
 1 2 
 1 2 
 1 2 
 1 2 
 1 2 
 1 2 
 1 2 
 1 2 
 1 2 
 1 2 
 1 2 
 1 2 
 1 2 
 1 2 
 1 2 
 1 2 
 1 2 
 1 2 
 1 2 
 1 2 
 1 2 
 1 2 
 1 2 
 1 2 
 1 2 
 1 2 
 1 2 
 1 2 
 1 2 
 1 2 
 1 2 
 1 2 
 1 2 
 1 2 
 1 2 
 1 2 
 1 2 
 1 2 
 1 2 
 1 2 
 1 2 
 1 2 
 1 2 
 1 2 
 1 2 
 1 2 
 1 2 
 1 2 
 1 2 
 1 2 
 1 2 
 1 2 
 1 2 
 1 2 
 1 2 
 1 2 
 1 2 
 1 2 
 1 2 
 1 2 
 1 2 
 1 2 
 1 2 
 1 2 
 1 2 
 1 2 
 1 2 
 1 2 
 1 2 
 1 2 
 1 2 
 1 2 
 1 2 
 1 2 
 1 2 
 1 2 
 1 2 
 1 2 
 1 2 
 1 2 
 1 2 
 1 2 
 1 2 
 1 2 
 1 2 
 1 2 
 1 2 
 1 2 
 1 2 
 1 2 
 1 2 
 1 2 
 1 2 
 1 2 
 1 2 
 1 2 
 1 2 
 1 2 
 1 2 
 1 2 
 1 2 
 1 2 
 1 2 
 1 2 
 1 2 
 1 2 
 1 2 
 1 2 
 1 2 
 1 2 
 1 2 
 1 2 
 1 2 
 1 2 
 1 2 
 1 2 
 1 2 
 1 2 
 1 2 
 1 2 
 1 2 
 1 2 
 1 2 
 1 2 
 1 2 
 1 2 
 1 2 
 1 2 
 1 2 
 1 2 
 1 2 
 1 2 
 1 2 
 1 2 
 1 2 
 1 2 
 1 2 
 1 2 
 1 2 
 1 2 
 1 2 
 1 2 
 1 2 
 1 2 
 1 2 
 1 2 
 1 2 
 1 2 
 1 2 
 1 2 
 1 2 
 1 2 
 1 2 
 1 2 
 1 2 
 1 2 
 1 2 
 1 2 
 1 2 
 1 2 
 1 2 
 1 2 
 1 2 
 1 2 
 1 2 
 1 2 
 1 2 
 1 2 
 1 2 
 1 2 
 1 2 
 1 2 
 1 2 
 1 2 
 1 2 
 1 2 
 1 2 
 1 2 
 1 2 
 1 2 
 1 2 
 1 2 
 1 2 
 1 2 
 1 2 
 1 2 
 1 2 
 1 2 
 1 2 
 1 2 
 1 2 
 1 2 
 1 2 
 1 2 
 1 2 
 1 2 
 1 2 
 1 2 
 1 2 
 1 2 
 1 2 
 1 2 
 1 2 
 1 2 
 1 2 
 1 2 
 1 2 
 1 2 
 1 2 
 1 2 
 1 2 
 1 2 
 1 2 
 1 2 
 1 2 
 1 2 
 1 2 
 1 2 
 1 2 
 1 2 
 1 2 
 1 2 
 1 2 
 1 2 
 1 2 
 1 2 
 1 2 
 1 2 
 1 2 
 1 2 
 1 2 
 1 2 
 1 2 
 1 2 
 1 2 
 1 2 
 1 2 
 1 2 
 1 2 
 1 2 
 1 2 
 1 2 
 1 2 
 1 2 
 1 2 
 1 2 
 1 2 
 1 2 
 1 2 
 1 2 
 1 2 
 1 2 
 1 2 
 1 2 
 1 2 
 1 2 
 1 2 
 1 2 
 1 2 
 1 2 
 1 2 
 1 2 
 1 2 
 1 2 
 1 2 
 1 2 
 1 2 
 1 2 
 1 2 
 1 2 
 1 2 
 1 2 
 1 2 
 1 2 
 1 2 
 1 2 
 1 2 
 1 2 
 1 2 
 1 2 
 1 2 
 1 2 
 1 2 
 1 2 
 1 2 
 1 2 
 1 2 
 1 2 
 1 2 
 1 2 
 1 2 
 1 2 
 1 2 
 1 2 
 1 2 
 1 2 
 1 2 
 1 2 
 1 2 
 1 2 
 1 2 
 1 2 
 1 2 
 1 2 
 1 2 
 1 2 
 1 2 
 1 2 
 1 2 
 1 2 
 1 2 
 1 2 
 1 2 
 1 2 
 1 2 
 1 2 
 1 2 
 1 2 
 1 2 
 1 2 
 1 2 
 1 2 
 1 2 
 1 2 
 1 2 
 1 2 
 1 2 
 1 2 
 1 2 
 1 2 
 1 2 
 1 2 
 1 2 
 1 2 
 1 2 
 1 2 
 1 2 
 1 2 
 1 2 
 1 2 
 1 2 
 1 2 
 1 2 
 1 2 
 1 2 
 1 2 
 1 2 
 1 2 
 1 2 
 1 2 
 1 2 
 1 2 
 1 2 
 1 2 
 1 2 
 1 2 
 1 2 
 1 2 
 1 2 
 1 2 
 1 2 
 1 2 
 1 2 
 1 2 
 1 2 
 1 2 
 1 2 
 1 2 
 1 2 
 1 2 
 1 2 
 1 2 
 1 2 
 1 2 
 1 2 
 1 2 
 1 2 
 1 2 
 1 2 
 1 2 
 1 2 
 1 2 
 1 2 
 1 2 
 1 2 
 1 2 
 1 2 
 1 2 
 1 2 
 1 2 
 1 2 
 1 2 
 1 2 
 1 2 
 1 2 
 1 2 
 1 2 
 1 2 
 1 2 
 1 2 
 1 2 
 1 2 
 1 2 
 1 2 
 1 2 
 1 2 
 1 2 
 1 2 
 1 2 
 1 2 
 1 2 
 1 2 
 1 2 
 1 2 
 1 2 
 1 2 
 1 2 
 1 2 
 1 2 
 1 2 
 1 2 
 1 2 
 1 2 
 1 2 
 1 2 
 1 2 
 1 2 
 1 2 
 1 2 
 1 2 
 1 2 
 1 2 
 1 2 
 1 2 
 1 2 
 1 2 
 1 2 
 1 2 
 1 2 
 1 2 
 1 2 
 1 2 
 1 2 
 1 2 
 1 2 
 1 2 
 1 2 
 1 2 
 1 2 
 1 2 
 1 2 
 1 2 
 1 2 
 1 2 
 1 2 
 1 2 
 1 2 
 1 2 
 1 2 
 1 2 
 1 2 
 1 2 
 1 2 
 1 2 
 1 2 
 1 2 
 1 2 
 1 2 
 1 2 
 1 2 
 1 2 
 1 2 
 1 2 
 1 2 
 1 2 
 1 2 
 1 2 
 1 2 
 1 2 
 1 2 
 1 2 
 1 2 
 1 2 
 1 2 
 1 2 
 1 2 
 1 2 
 1 2 
 1 2 
 1 2 
 1 2 
 1 2 
 1 2 
 1 2 
 1 2 
 1 2 
 1 2 
 1 2 
 1 2 
 1 2 
 1 2 
 1 2 
 1 2 
 1 2 
 1 2 
 1 2 
 1 2 
 1 2 
 1 2 
 1 2 
 1 2 
 1 2 
 1 2 
 1 2 
 1 2 
 1 2 
 1 2 
 1 2 
 1 2 
 1 2 
 1 2 
 1 2 
 1 2 
 1 2 
 1 2 
 1 2 
 1 2 
 1 2 
 1 2 
 1 2 
 1 2 
 1 2 
 1 2 
 1 2 
 1 2 
 1 2 
 1 2 
 1 2 
 1 2 
 1 2 
 1 2 
 1 2 
 1 2 
 1 2 
 1 2 
 1 2 
 1 2 
 1 2 
 1 2 
 1 2 
 1 2 
 1 2 
 1 2 
 1 2 
 1 2 
 1 2 
 1 2 
 1 2 
 1 2 
 1 2 
 1 2 
 1 2 
 1 2 
 1 2 
 1 2 
 1 2 
 1 2 
 1 2 
 1 2 
 1 2 
 1 2 
 1 2 
 1 2 
 1 2 
 1 2 
 